 0.00000000e+00  1.22984288e-01  0.00000000e+00  3.63768643e-01 
 1.00000000e-08  1.22984288e-01  1.00000000e-08  3.63768643e-01 
 2.00000000e-08  1.22984288e-01  2.00000000e-08  3.63768643e-01 
 4.00000000e-08  1.22984288e-01  4.00000000e-08  3.63768643e-01 
 8.00000000e-08  1.22984288e-01  8.00000000e-08  3.63768643e-01 
 1.60000000e-07  1.22984288e-01  1.60000000e-07  3.63768643e-01 
 3.20000000e-07  1.22984288e-01  3.20000000e-07  3.63768643e-01 
 6.40000000e-07  1.22984288e-01  6.40000000e-07  3.63768643e-01 
 1.00000000e-06  1.22984288e-01  1.00000000e-06  3.63768643e-01 
 1.00000010e-06  1.22984288e-01  1.00000010e-06  3.63768643e-01 
 1.00000030e-06  1.22984288e-01  1.00000030e-06  3.63768643e-01 
 1.00000070e-06  1.22984288e-01  1.00000070e-06  3.63768643e-01 
 1.00000100e-06  1.22984288e-01  1.00000100e-06  3.63768643e-01 
 1.00000108e-06  1.22984288e-01  1.00000108e-06  3.63768643e-01 
 1.00000124e-06  1.22984288e-01  1.00000124e-06  3.63768643e-01 
 1.00000156e-06  1.22984288e-01  1.00000156e-06  3.63768643e-01 
 1.00000220e-06  1.22984288e-01  1.00000220e-06  3.63768643e-01 
 1.00000348e-06  1.22984288e-01  1.00000348e-06  3.63768643e-01 
 1.00000604e-06  1.22984288e-01  1.00000604e-06  3.63768643e-01 
 1.00001116e-06  1.22984288e-01  1.00001116e-06  3.63768643e-01 
 1.00002140e-06  1.22984288e-01  1.00002140e-06  3.63768643e-01 
 1.00004188e-06  1.22984288e-01  1.00004188e-06  3.63768643e-01 
 1.00008284e-06  1.22984288e-01  1.00008284e-06  3.63768643e-01 
 1.00016476e-06  1.22984288e-01  1.00016476e-06  3.63768643e-01 
 1.00032860e-06  1.22984288e-01  1.00032860e-06  3.63768643e-01 
 1.00065628e-06  1.22984288e-01  1.00065628e-06  3.63768643e-01 
 1.00131164e-06  1.22984288e-01  1.00131164e-06  3.63768643e-01 
 1.00262236e-06  1.22984288e-01  1.00262236e-06  3.63768643e-01 
 1.00524380e-06  1.22984288e-01  1.00524380e-06  3.63768643e-01 
 1.01048668e-06  1.22984288e-01  1.01048668e-06  3.63768643e-01 
 1.01696725e-06  1.22984288e-01  1.01696725e-06  3.63768643e-01 
 1.02308295e-06  1.22984288e-01  1.02308295e-06  3.63768643e-01 
 1.03531436e-06  1.22984288e-01  1.03531436e-06  3.63768643e-01 
 1.05977718e-06  1.22984288e-01  1.05977718e-06  3.63768643e-01 
 1.10349207e-06  1.22984288e-01  1.10349207e-06  3.63768643e-01 
 1.19092185e-06  1.22984288e-01  1.19092185e-06  3.63768643e-01 
 1.36578140e-06  1.22984288e-01  1.36578140e-06  3.63768643e-01 
 1.71550050e-06  1.22984288e-01  1.71550050e-06  3.63768643e-01 
 2.41493870e-06  1.22984288e-01  2.41493870e-06  3.63768643e-01 
 3.41493870e-06  1.22984288e-01  3.41493870e-06  3.63768643e-01 
 4.41493870e-06  1.22984288e-01  4.41493870e-06  3.63768643e-01 
 5.41493870e-06  1.22984288e-01  5.41493870e-06  3.63768643e-01 
 6.41493870e-06  1.22984288e-01  6.41493870e-06  3.63768643e-01 
 7.41493870e-06  1.22984288e-01  7.41493870e-06  3.63768643e-01 
 8.41493870e-06  1.22984288e-01  8.41493870e-06  3.63768643e-01 
 9.41493870e-06  1.22984288e-01  9.41493870e-06  3.63768643e-01 
 1.04149387e-05  1.22984288e-01  1.04149387e-05  3.63768643e-01 
 1.14149387e-05  1.22984288e-01  1.14149387e-05  3.63768643e-01 
 1.24149387e-05  1.22984288e-01  1.24149387e-05  3.63768643e-01 
 1.34149387e-05  1.22984288e-01  1.34149387e-05  3.63768643e-01 
 1.44149387e-05  1.22984288e-01  1.44149387e-05  3.63768643e-01 
 1.54149387e-05  1.22984288e-01  1.54149387e-05  3.63768643e-01 
 1.64149387e-05  1.22984288e-01  1.64149387e-05  3.63768643e-01 
 1.74149387e-05  1.22984288e-01  1.74149387e-05  3.63768643e-01 
 1.84149387e-05  1.22984288e-01  1.84149387e-05  3.63768643e-01 
 1.94149387e-05  1.22984288e-01  1.94149387e-05  3.63768643e-01 
 2.04149387e-05  1.22984288e-01  2.04149387e-05  3.63768643e-01 
 2.14149387e-05  1.22984288e-01  2.14149387e-05  3.63768643e-01 
 2.24149387e-05  1.22984288e-01  2.24149387e-05  3.63768643e-01 
 2.34149387e-05  1.22984288e-01  2.34149387e-05  3.63768643e-01 
 2.44149387e-05  1.22984288e-01  2.44149387e-05  3.63768643e-01 
 2.54149387e-05  1.22984288e-01  2.54149387e-05  3.63768643e-01 
 2.64149387e-05  1.22984288e-01  2.64149387e-05  3.63768643e-01 
 2.74149387e-05  1.22984288e-01  2.74149387e-05  3.63768643e-01 
 2.84149387e-05  1.22984288e-01  2.84149387e-05  3.63768643e-01 
 2.94149387e-05  1.22984288e-01  2.94149387e-05  3.63768643e-01 
 3.04149387e-05  1.22984288e-01  3.04149387e-05  3.63768643e-01 
 3.14149387e-05  1.22984288e-01  3.14149387e-05  3.63768643e-01 
 3.24149387e-05  1.22984288e-01  3.24149387e-05  3.63768643e-01 
 3.34149387e-05  1.22984288e-01  3.34149387e-05  3.63768643e-01 
 3.44149387e-05  1.22984288e-01  3.44149387e-05  3.63768643e-01 
 3.54149387e-05  1.22984288e-01  3.54149387e-05  3.63768643e-01 
 3.64149387e-05  1.22984288e-01  3.64149387e-05  3.63768643e-01 
 3.74149387e-05  1.22984288e-01  3.74149387e-05  3.63768643e-01 
 3.84149387e-05  1.22984288e-01  3.84149387e-05  3.63768643e-01 
 3.94149387e-05  1.22984288e-01  3.94149387e-05  3.63768643e-01 
 4.04149387e-05  1.22984288e-01  4.04149387e-05  3.63768643e-01 
 4.14149387e-05  1.22984288e-01  4.14149387e-05  3.63768643e-01 
 4.24149387e-05  1.22984288e-01  4.24149387e-05  3.63768643e-01 
 4.34149387e-05  1.22984288e-01  4.34149387e-05  3.63768643e-01 
 4.44149387e-05  1.22984288e-01  4.44149387e-05  3.63768643e-01 
 4.54149387e-05  1.22984288e-01  4.54149387e-05  3.63768643e-01 
 4.64149387e-05  1.22984288e-01  4.64149387e-05  3.63768643e-01 
 4.74149387e-05  1.22984288e-01  4.74149387e-05  3.63768643e-01 
 4.84149387e-05  1.22984288e-01  4.84149387e-05  3.63768643e-01 
 4.94149387e-05  1.22984288e-01  4.94149387e-05  3.63768643e-01 
 5.04149387e-05  1.22984288e-01  5.04149387e-05  3.63768643e-01 
 5.14149387e-05  1.22984288e-01  5.14149387e-05  3.63768643e-01 
 5.24149387e-05  1.22984288e-01  5.24149387e-05  3.63768643e-01 
 5.34149387e-05  1.22984288e-01  5.34149387e-05  3.63768643e-01 
 5.44149387e-05  1.22984288e-01  5.44149387e-05  3.63768643e-01 
 5.54149387e-05  1.22984288e-01  5.54149387e-05  3.63768643e-01 
 5.64149387e-05  1.22984288e-01  5.64149387e-05  3.63768643e-01 
 5.74149387e-05  1.22984288e-01  5.74149387e-05  3.63768643e-01 
 5.84149387e-05  1.22984288e-01  5.84149387e-05  3.63768643e-01 
 5.94149387e-05  1.22984288e-01  5.94149387e-05  3.63768643e-01 
 6.04149387e-05  1.22984288e-01  6.04149387e-05  3.63768643e-01 
 6.14149387e-05  1.22984288e-01  6.14149387e-05  3.63768643e-01 
 6.24149387e-05  1.22984288e-01  6.24149387e-05  3.63768643e-01 
 6.34149387e-05  1.22984288e-01  6.34149387e-05  3.63768643e-01 
 6.44149387e-05  1.22984288e-01  6.44149387e-05  3.63768643e-01 
 6.54149387e-05  1.22984288e-01  6.54149387e-05  3.63768643e-01 
 6.64149387e-05  1.22984288e-01  6.64149387e-05  3.63768643e-01 
 6.74149387e-05  1.22984288e-01  6.74149387e-05  3.63768643e-01 
 6.84149387e-05  1.22984288e-01  6.84149387e-05  3.63768643e-01 
 6.94149387e-05  1.22984288e-01  6.94149387e-05  3.63768643e-01 
 7.04149387e-05  1.22984288e-01  7.04149387e-05  3.63768643e-01 
 7.14149387e-05  1.22984288e-01  7.14149387e-05  3.63768643e-01 
 7.24149387e-05  1.22984288e-01  7.24149387e-05  3.63768643e-01 
 7.34149387e-05  1.22984288e-01  7.34149387e-05  3.63768643e-01 
 7.44149387e-05  1.22984288e-01  7.44149387e-05  3.63768643e-01 
 7.54149387e-05  1.22984288e-01  7.54149387e-05  3.63768643e-01 
 7.64149387e-05  1.22984288e-01  7.64149387e-05  3.63768643e-01 
 7.74149387e-05  1.22984288e-01  7.74149387e-05  3.63768643e-01 
 7.84149387e-05  1.22984288e-01  7.84149387e-05  3.63768643e-01 
 7.94149387e-05  1.22984288e-01  7.94149387e-05  3.63768643e-01 
 8.04149387e-05  1.22984288e-01  8.04149387e-05  3.63768643e-01 
 8.14149387e-05  1.22984288e-01  8.14149387e-05  3.63768643e-01 
 8.24149387e-05  1.22984288e-01  8.24149387e-05  3.63768643e-01 
 8.34149387e-05  1.22984288e-01  8.34149387e-05  3.63768643e-01 
 8.44149387e-05  1.22984288e-01  8.44149387e-05  3.63768643e-01 
 8.54149387e-05  1.22984288e-01  8.54149387e-05  3.63768643e-01 
 8.64149387e-05  1.22984288e-01  8.64149387e-05  3.63768643e-01 
 8.74149387e-05  1.22984288e-01  8.74149387e-05  3.63768643e-01 
 8.84149387e-05  1.22984288e-01  8.84149387e-05  3.63768643e-01 
 8.94149387e-05  1.22984288e-01  8.94149387e-05  3.63768643e-01 
 9.04149387e-05  1.22984288e-01  9.04149387e-05  3.63768643e-01 
 9.14149387e-05  1.22984288e-01  9.14149387e-05  3.63768643e-01 
 9.24149387e-05  1.22984288e-01  9.24149387e-05  3.63768643e-01 
 9.34149387e-05  1.22984288e-01  9.34149387e-05  3.63768643e-01 
 9.44149387e-05  1.22984288e-01  9.44149387e-05  3.63768643e-01 
 9.54149387e-05  1.22984288e-01  9.54149387e-05  3.63768643e-01 
 9.64149387e-05  1.22984288e-01  9.64149387e-05  3.63768643e-01 
 9.74149387e-05  1.22984288e-01  9.74149387e-05  3.63768643e-01 
 9.84149387e-05  1.22984288e-01  9.84149387e-05  3.63768643e-01 
 9.94149387e-05  1.22984288e-01  9.94149387e-05  3.63768643e-01 
 1.00414939e-04  1.22984288e-01  1.00414939e-04  3.63768643e-01 
 1.01414939e-04  1.22984288e-01  1.01414939e-04  3.63768643e-01 
 1.02414939e-04  1.22984288e-01  1.02414939e-04  3.63768643e-01 
 1.03414939e-04  1.22984288e-01  1.03414939e-04  3.63768643e-01 
 1.04414939e-04  1.22984288e-01  1.04414939e-04  3.63768643e-01 
 1.05414939e-04  1.22984288e-01  1.05414939e-04  3.63768643e-01 
 1.06414939e-04  1.22984288e-01  1.06414939e-04  3.63768643e-01 
 1.07414939e-04  1.22984288e-01  1.07414939e-04  3.63768643e-01 
 1.08414939e-04  1.22984288e-01  1.08414939e-04  3.63768643e-01 
 1.09414939e-04  1.22984288e-01  1.09414939e-04  3.63768643e-01 
 1.10414939e-04  1.22984288e-01  1.10414939e-04  3.63768643e-01 
 1.11414939e-04  1.22984288e-01  1.11414939e-04  3.63768643e-01 
 1.12414939e-04  1.22984288e-01  1.12414939e-04  3.63768643e-01 
 1.13414939e-04  1.22984288e-01  1.13414939e-04  3.63768643e-01 
 1.14414939e-04  1.22984288e-01  1.14414939e-04  3.63768643e-01 
 1.15414939e-04  1.22984288e-01  1.15414939e-04  3.63768643e-01 
 1.16414939e-04  1.22984288e-01  1.16414939e-04  3.63768643e-01 
 1.17414939e-04  1.22984288e-01  1.17414939e-04  3.63768643e-01 
 1.18414939e-04  1.22984288e-01  1.18414939e-04  3.63768643e-01 
 1.19414939e-04  1.22984288e-01  1.19414939e-04  3.63768643e-01 
 1.20414939e-04  1.22984288e-01  1.20414939e-04  3.63768643e-01 
 1.21414939e-04  1.22984288e-01  1.21414939e-04  3.63768643e-01 
 1.22414939e-04  1.22984288e-01  1.22414939e-04  3.63768643e-01 
 1.23414939e-04  1.22984288e-01  1.23414939e-04  3.63768643e-01 
 1.24414939e-04  1.22984288e-01  1.24414939e-04  3.63768643e-01 
 1.25414939e-04  1.22984288e-01  1.25414939e-04  3.63768643e-01 
 1.26414939e-04  1.22984288e-01  1.26414939e-04  3.63768643e-01 
 1.27414939e-04  1.22984288e-01  1.27414939e-04  3.63768643e-01 
 1.28414939e-04  1.22984288e-01  1.28414939e-04  3.63768643e-01 
 1.29414939e-04  1.22984288e-01  1.29414939e-04  3.63768643e-01 
 1.30414939e-04  1.22984288e-01  1.30414939e-04  3.63768643e-01 
 1.31414939e-04  1.22984288e-01  1.31414939e-04  3.63768643e-01 
 1.32414939e-04  1.22984288e-01  1.32414939e-04  3.63768643e-01 
 1.33414939e-04  1.22984288e-01  1.33414939e-04  3.63768643e-01 
 1.34414939e-04  1.22984288e-01  1.34414939e-04  3.63768643e-01 
 1.35414939e-04  1.22984288e-01  1.35414939e-04  3.63768643e-01 
 1.36414939e-04  1.22984288e-01  1.36414939e-04  3.63768643e-01 
 1.37414939e-04  1.22984288e-01  1.37414939e-04  3.63768643e-01 
 1.38414939e-04  1.22984288e-01  1.38414939e-04  3.63768643e-01 
 1.39414939e-04  1.22984288e-01  1.39414939e-04  3.63768643e-01 
 1.40414939e-04  1.22984288e-01  1.40414939e-04  3.63768643e-01 
 1.41414939e-04  1.22984288e-01  1.41414939e-04  3.63768643e-01 
 1.42414939e-04  1.22984288e-01  1.42414939e-04  3.63768643e-01 
 1.43414939e-04  1.22984288e-01  1.43414939e-04  3.63768643e-01 
 1.44414939e-04  1.22984288e-01  1.44414939e-04  3.63768643e-01 
 1.45414939e-04  1.22984288e-01  1.45414939e-04  3.63768643e-01 
 1.46414939e-04  1.22984288e-01  1.46414939e-04  3.63768643e-01 
 1.47414939e-04  1.22984288e-01  1.47414939e-04  3.63768643e-01 
 1.48414939e-04  1.22984288e-01  1.48414939e-04  3.63768643e-01 
 1.49414939e-04  1.22984288e-01  1.49414939e-04  3.63768643e-01 
 1.50414939e-04  1.22984288e-01  1.50414939e-04  3.63768643e-01 
 1.51414939e-04  1.22984288e-01  1.51414939e-04  3.63768643e-01 
 1.52414939e-04  1.22984288e-01  1.52414939e-04  3.63768643e-01 
 1.53414939e-04  1.22984288e-01  1.53414939e-04  3.63768643e-01 
 1.54414939e-04  1.22984288e-01  1.54414939e-04  3.63768643e-01 
 1.55414939e-04  1.22984288e-01  1.55414939e-04  3.63768643e-01 
 1.56414939e-04  1.22984288e-01  1.56414939e-04  3.63768643e-01 
 1.57414939e-04  1.22984288e-01  1.57414939e-04  3.63768643e-01 
 1.58414939e-04  1.22984288e-01  1.58414939e-04  3.63768643e-01 
 1.59414939e-04  1.22984288e-01  1.59414939e-04  3.63768643e-01 
 1.60414939e-04  1.22984288e-01  1.60414939e-04  3.63768643e-01 
 1.61414939e-04  1.22984288e-01  1.61414939e-04  3.63768643e-01 
 1.62414939e-04  1.22984288e-01  1.62414939e-04  3.63768643e-01 
 1.63414939e-04  1.22984288e-01  1.63414939e-04  3.63768643e-01 
 1.64414939e-04  1.22984288e-01  1.64414939e-04  3.63768643e-01 
 1.65414939e-04  1.22984288e-01  1.65414939e-04  3.63768643e-01 
 1.66414939e-04  1.22984288e-01  1.66414939e-04  3.63768643e-01 
 1.67414939e-04  1.22984288e-01  1.67414939e-04  3.63768643e-01 
 1.68414939e-04  1.22984288e-01  1.68414939e-04  3.63768643e-01 
 1.69414939e-04  1.22984288e-01  1.69414939e-04  3.63768643e-01 
 1.70414939e-04  1.22984288e-01  1.70414939e-04  3.63768643e-01 
 1.71414939e-04  1.22984288e-01  1.71414939e-04  3.63768643e-01 
 1.72414939e-04  1.22984288e-01  1.72414939e-04  3.63768643e-01 
 1.73414939e-04  1.22984288e-01  1.73414939e-04  3.63768643e-01 
 1.74414939e-04  1.22984288e-01  1.74414939e-04  3.63768643e-01 
 1.75414939e-04  1.22984288e-01  1.75414939e-04  3.63768643e-01 
 1.76414939e-04  1.22984288e-01  1.76414939e-04  3.63768643e-01 
 1.77414939e-04  1.22984288e-01  1.77414939e-04  3.63768643e-01 
 1.78414939e-04  1.22984288e-01  1.78414939e-04  3.63768643e-01 
 1.79414939e-04  1.22984288e-01  1.79414939e-04  3.63768643e-01 
 1.80414939e-04  1.22984288e-01  1.80414939e-04  3.63768643e-01 
 1.81414939e-04  1.22984288e-01  1.81414939e-04  3.63768643e-01 
 1.82414939e-04  1.22984288e-01  1.82414939e-04  3.63768643e-01 
 1.83414939e-04  1.22984288e-01  1.83414939e-04  3.63768643e-01 
 1.84414939e-04  1.22984288e-01  1.84414939e-04  3.63768643e-01 
 1.85414939e-04  1.22984288e-01  1.85414939e-04  3.63768643e-01 
 1.86414939e-04  1.22984288e-01  1.86414939e-04  3.63768643e-01 
 1.87414939e-04  1.22984288e-01  1.87414939e-04  3.63768643e-01 
 1.88414939e-04  1.22984288e-01  1.88414939e-04  3.63768643e-01 
 1.89414939e-04  1.22984288e-01  1.89414939e-04  3.63768643e-01 
 1.90414939e-04  1.22984288e-01  1.90414939e-04  3.63768643e-01 
 1.91414939e-04  1.22984288e-01  1.91414939e-04  3.63768643e-01 
 1.92414939e-04  1.22984288e-01  1.92414939e-04  3.63768643e-01 
 1.93414939e-04  1.22984288e-01  1.93414939e-04  3.63768643e-01 
 1.94414939e-04  1.22984288e-01  1.94414939e-04  3.63768643e-01 
 1.95414939e-04  1.22984288e-01  1.95414939e-04  3.63768643e-01 
 1.96414939e-04  1.22984288e-01  1.96414939e-04  3.63768643e-01 
 1.97414939e-04  1.22984288e-01  1.97414939e-04  3.63768643e-01 
 1.98414939e-04  1.22984288e-01  1.98414939e-04  3.63768643e-01 
 1.99414939e-04  1.22984288e-01  1.99414939e-04  3.63768643e-01 
 2.00414939e-04  1.22984288e-01  2.00414939e-04  3.63768643e-01 
 2.01000001e-04  1.22984288e-01  2.01000001e-04  3.63768643e-01 
 2.01000001e-04  1.22984288e-01  2.01000001e-04  3.63768643e-01 
 2.01000001e-04  1.22984288e-01  2.01000001e-04  3.63768643e-01 
 2.01000002e-04  1.22984288e-01  2.01000002e-04  3.63768643e-01 
 2.01000002e-04  1.22984288e-01  2.01000002e-04  3.63768643e-01 
 2.01000002e-04  1.22984288e-01  2.01000002e-04  3.63768643e-01 
 2.01000002e-04  1.22984288e-01  2.01000002e-04  3.63768643e-01 
 2.01000003e-04  1.22984288e-01  2.01000003e-04  3.63768643e-01 
 2.01000003e-04  1.22984288e-01  2.01000003e-04  3.63768643e-01 
 2.01000004e-04  1.22984288e-01  2.01000004e-04  3.63768643e-01 
 2.01000007e-04  1.22984288e-01  2.01000007e-04  3.63768643e-01 
 2.01000012e-04  1.22984288e-01  2.01000012e-04  3.63768643e-01 
 2.01000022e-04  1.22984288e-01  2.01000022e-04  3.63768643e-01 
 2.01000043e-04  1.22984288e-01  2.01000043e-04  3.63768643e-01 
 2.01000084e-04  1.22984288e-01  2.01000084e-04  3.63768643e-01 
 2.01000166e-04  1.22984288e-01  2.01000166e-04  3.63768643e-01 
 2.01000330e-04  1.22984288e-01  2.01000330e-04  3.63768643e-01 
 2.01000657e-04  1.22984288e-01  2.01000657e-04  3.63768643e-01 
 2.01001313e-04  1.22984288e-01  2.01001313e-04  3.63768643e-01 
 2.01002623e-04  1.22984288e-01  2.01002623e-04  3.63768643e-01 
 2.01005245e-04  1.22984288e-01  2.01005245e-04  3.63768643e-01 
 2.01010488e-04  1.22984288e-01  2.01010488e-04  3.63768643e-01 
 2.01016009e-04  1.22984288e-01  2.01016009e-04  3.63768643e-01 
 2.01027051e-04  1.22984288e-01  2.01027051e-04  3.63768643e-01 
 2.01039107e-04  1.22984288e-01  2.01039107e-04  3.63768643e-01 
 2.01063219e-04  1.22984288e-01  2.01063219e-04  3.63768643e-01 
 2.01111442e-04  1.22984288e-01  2.01111442e-04  3.63768643e-01 
 2.01207889e-04  1.22984288e-01  2.01207889e-04  3.63768643e-01 
 2.01400782e-04  1.22984288e-01  2.01400782e-04  3.63768643e-01 
 2.01736253e-04  1.22984288e-01  2.01736253e-04  3.63768643e-01 
 2.02232623e-04  1.22984288e-01  2.02232623e-04  3.63768643e-01 
 2.02798212e-04  1.22984288e-01  2.02798212e-04  3.63768643e-01 
 2.03350624e-04  1.22984288e-01  2.03350624e-04  3.63768643e-01 
 2.04350624e-04  1.22984288e-01  2.04350624e-04  3.63768643e-01 
 2.05350624e-04  1.22984288e-01  2.05350624e-04  3.63768643e-01 
 2.06350624e-04  1.22984288e-01  2.06350624e-04  3.63768643e-01 
 2.07350624e-04  1.22984288e-01  2.07350624e-04  3.63768643e-01 
 2.08350624e-04  1.22984288e-01  2.08350624e-04  3.63768643e-01 
 2.09350624e-04  1.22984288e-01  2.09350624e-04  3.63768643e-01 
 2.10350624e-04  1.22984288e-01  2.10350624e-04  3.63768643e-01 
 2.11350624e-04  1.22984288e-01  2.11350624e-04  3.63768643e-01 
 2.12350624e-04  1.22984288e-01  2.12350624e-04  3.63768643e-01 
 2.13350624e-04  1.22984288e-01  2.13350624e-04  3.63768643e-01 
 2.14350624e-04  1.22984288e-01  2.14350624e-04  3.63768643e-01 
 2.15350624e-04  1.22984288e-01  2.15350624e-04  3.63768643e-01 
 2.16350624e-04  1.22984288e-01  2.16350624e-04  3.63768643e-01 
 2.17350624e-04  1.22984288e-01  2.17350624e-04  3.63768643e-01 
 2.18350624e-04  1.22984288e-01  2.18350624e-04  3.63768643e-01 
 2.19350624e-04  1.22984288e-01  2.19350624e-04  3.63768643e-01 
 2.20350624e-04  1.22984288e-01  2.20350624e-04  3.63768643e-01 
 2.21350624e-04  1.22984288e-01  2.21350624e-04  3.63768643e-01 
 2.22350624e-04  1.22984288e-01  2.22350624e-04  3.63768643e-01 
 2.23350624e-04  1.22984288e-01  2.23350624e-04  3.63768643e-01 
 2.24350624e-04  1.22984288e-01  2.24350624e-04  3.63768643e-01 
 2.25350624e-04  1.22984288e-01  2.25350624e-04  3.63768643e-01 
 2.26350624e-04  1.22984288e-01  2.26350624e-04  3.63768643e-01 
 2.27350624e-04  1.22984288e-01  2.27350624e-04  3.63768643e-01 
 2.28350624e-04  1.22984288e-01  2.28350624e-04  3.63768643e-01 
 2.29350624e-04  1.22984288e-01  2.29350624e-04  3.63768643e-01 
 2.30350624e-04  1.22984288e-01  2.30350624e-04  3.63768643e-01 
 2.31350624e-04  1.22984288e-01  2.31350624e-04  3.63768643e-01 
 2.32350624e-04  1.22984288e-01  2.32350624e-04  3.63768643e-01 
 2.33350624e-04  1.22984288e-01  2.33350624e-04  3.63768643e-01 
 2.34350624e-04  1.22984288e-01  2.34350624e-04  3.63768643e-01 
 2.35350624e-04  1.22984288e-01  2.35350624e-04  3.63768643e-01 
 2.36350624e-04  1.22984288e-01  2.36350624e-04  3.63768643e-01 
 2.37350624e-04  1.22984288e-01  2.37350624e-04  3.63768643e-01 
 2.38350624e-04  1.22984288e-01  2.38350624e-04  3.63768643e-01 
 2.39350624e-04  1.22984288e-01  2.39350624e-04  3.63768643e-01 
 2.40350624e-04  1.22984288e-01  2.40350624e-04  3.63768643e-01 
 2.41350624e-04  1.22984288e-01  2.41350624e-04  3.63768643e-01 
 2.42350624e-04  1.22984288e-01  2.42350624e-04  3.63768643e-01 
 2.43350624e-04  1.22984288e-01  2.43350624e-04  3.63768643e-01 
 2.44350624e-04  1.22984288e-01  2.44350624e-04  3.63768643e-01 
 2.45350624e-04  1.22984288e-01  2.45350624e-04  3.63768643e-01 
 2.46350624e-04  1.22984288e-01  2.46350624e-04  3.63768643e-01 
 2.47350624e-04  1.22984288e-01  2.47350624e-04  3.63768643e-01 
 2.48350624e-04  1.22984288e-01  2.48350624e-04  3.63768643e-01 
 2.49350624e-04  1.22984288e-01  2.49350624e-04  3.63768643e-01 
 2.50350624e-04  1.22984288e-01  2.50350624e-04  3.63768643e-01 
 2.51350624e-04  1.22984288e-01  2.51350624e-04  3.63768643e-01 
 2.52350624e-04  1.22984288e-01  2.52350624e-04  3.63768643e-01 
 2.53350624e-04  1.22984288e-01  2.53350624e-04  3.63768643e-01 
 2.54350624e-04  1.22984288e-01  2.54350624e-04  3.63768643e-01 
 2.55350624e-04  1.22984288e-01  2.55350624e-04  3.63768643e-01 
 2.56350624e-04  1.22984288e-01  2.56350624e-04  3.63768643e-01 
 2.57350624e-04  1.22984288e-01  2.57350624e-04  3.63768643e-01 
 2.58350624e-04  1.22984288e-01  2.58350624e-04  3.63768643e-01 
 2.59350624e-04  1.22984288e-01  2.59350624e-04  3.63768643e-01 
 2.60350624e-04  1.22984288e-01  2.60350624e-04  3.63768643e-01 
 2.61350624e-04  1.22984288e-01  2.61350624e-04  3.63768643e-01 
 2.62350624e-04  1.22984288e-01  2.62350624e-04  3.63768643e-01 
 2.63350624e-04  1.22984288e-01  2.63350624e-04  3.63768643e-01 
 2.64350624e-04  1.22984288e-01  2.64350624e-04  3.63768643e-01 
 2.65350624e-04  1.22984288e-01  2.65350624e-04  3.63768643e-01 
 2.66350624e-04  1.22984288e-01  2.66350624e-04  3.63768643e-01 
 2.67350624e-04  1.22984288e-01  2.67350624e-04  3.63768643e-01 
 2.68350624e-04  1.22984288e-01  2.68350624e-04  3.63768643e-01 
 2.69350624e-04  1.22984288e-01  2.69350624e-04  3.63768643e-01 
 2.70350624e-04  1.22984288e-01  2.70350624e-04  3.63768643e-01 
 2.71350624e-04  1.22984288e-01  2.71350624e-04  3.63768643e-01 
 2.72350624e-04  1.22984288e-01  2.72350624e-04  3.63768643e-01 
 2.73350624e-04  1.22984288e-01  2.73350624e-04  3.63768643e-01 
 2.74350624e-04  1.22984288e-01  2.74350624e-04  3.63768643e-01 
 2.75350624e-04  1.22984288e-01  2.75350624e-04  3.63768643e-01 
 2.76350624e-04  1.22984288e-01  2.76350624e-04  3.63768643e-01 
 2.77350624e-04  1.22984288e-01  2.77350624e-04  3.63768643e-01 
 2.78350624e-04  1.22984288e-01  2.78350624e-04  3.63768643e-01 
 2.79350624e-04  1.22984288e-01  2.79350624e-04  3.63768643e-01 
 2.80350624e-04  1.22984288e-01  2.80350624e-04  3.63768643e-01 
 2.81350624e-04  1.22984288e-01  2.81350624e-04  3.63768643e-01 
 2.82350624e-04  1.22984288e-01  2.82350624e-04  3.63768643e-01 
 2.83350624e-04  1.22984288e-01  2.83350624e-04  3.63768643e-01 
 2.84350624e-04  1.22984288e-01  2.84350624e-04  3.63768643e-01 
 2.85350624e-04  1.22984288e-01  2.85350624e-04  3.63768643e-01 
 2.86350624e-04  1.22984288e-01  2.86350624e-04  3.63768643e-01 
 2.87350624e-04  1.22984288e-01  2.87350624e-04  3.63768643e-01 
 2.88350624e-04  1.22984288e-01  2.88350624e-04  3.63768643e-01 
 2.89350624e-04  1.22984288e-01  2.89350624e-04  3.63768643e-01 
 2.90350624e-04  1.22984288e-01  2.90350624e-04  3.63768643e-01 
 2.91350624e-04  1.22984288e-01  2.91350624e-04  3.63768643e-01 
 2.92350624e-04  1.22984288e-01  2.92350624e-04  3.63768643e-01 
 2.93350624e-04  1.22984288e-01  2.93350624e-04  3.63768643e-01 
 2.94350624e-04  1.22984288e-01  2.94350624e-04  3.63768643e-01 
 2.95350624e-04  1.22984288e-01  2.95350624e-04  3.63768643e-01 
 2.96350624e-04  1.22984288e-01  2.96350624e-04  3.63768643e-01 
 2.97350624e-04  1.22984288e-01  2.97350624e-04  3.63768643e-01 
 2.98350624e-04  1.22984288e-01  2.98350624e-04  3.63768643e-01 
 2.99350624e-04  1.22984288e-01  2.99350624e-04  3.63768643e-01 
 3.00350624e-04  1.22984288e-01  3.00350624e-04  3.63768643e-01 
 3.01350624e-04  1.22984288e-01  3.01350624e-04  3.63768643e-01 
 3.02350624e-04  1.22984288e-01  3.02350624e-04  3.63768643e-01 
 3.03350624e-04  1.22984288e-01  3.03350624e-04  3.63768643e-01 
 3.04350624e-04  1.22984288e-01  3.04350624e-04  3.63768643e-01 
 3.05350624e-04  1.22984288e-01  3.05350624e-04  3.63768643e-01 
 3.06350624e-04  1.22984288e-01  3.06350624e-04  3.63768643e-01 
 3.07350624e-04  1.22984288e-01  3.07350624e-04  3.63768643e-01 
 3.08350624e-04  1.22984288e-01  3.08350624e-04  3.63768643e-01 
 3.09350624e-04  1.22984288e-01  3.09350624e-04  3.63768643e-01 
 3.10350624e-04  1.22984288e-01  3.10350624e-04  3.63768643e-01 
 3.11350624e-04  1.22984288e-01  3.11350624e-04  3.63768643e-01 
 3.12350624e-04  1.22984288e-01  3.12350624e-04  3.63768643e-01 
 3.13350624e-04  1.22984288e-01  3.13350624e-04  3.63768643e-01 
 3.14350624e-04  1.22984288e-01  3.14350624e-04  3.63768643e-01 
 3.15350624e-04  1.22984288e-01  3.15350624e-04  3.63768643e-01 
 3.16350624e-04  1.22984288e-01  3.16350624e-04  3.63768643e-01 
 3.17350624e-04  1.22984288e-01  3.17350624e-04  3.63768643e-01 
 3.18350624e-04  1.22984288e-01  3.18350624e-04  3.63768643e-01 
 3.19350624e-04  1.22984288e-01  3.19350624e-04  3.63768643e-01 
 3.20350624e-04  1.22984288e-01  3.20350624e-04  3.63768643e-01 
 3.21350624e-04  1.22984288e-01  3.21350624e-04  3.63768643e-01 
 3.22350624e-04  1.22984288e-01  3.22350624e-04  3.63768643e-01 
 3.23350624e-04  1.22984288e-01  3.23350624e-04  3.63768643e-01 
 3.24350624e-04  1.22984288e-01  3.24350624e-04  3.63768643e-01 
 3.25350624e-04  1.22984288e-01  3.25350624e-04  3.63768643e-01 
 3.26350624e-04  1.22984288e-01  3.26350624e-04  3.63768643e-01 
 3.27350624e-04  1.22984288e-01  3.27350624e-04  3.63768643e-01 
 3.28350624e-04  1.22984288e-01  3.28350624e-04  3.63768643e-01 
 3.29350624e-04  1.22984288e-01  3.29350624e-04  3.63768643e-01 
 3.30350624e-04  1.22984288e-01  3.30350624e-04  3.63768643e-01 
 3.31350624e-04  1.22984288e-01  3.31350624e-04  3.63768643e-01 
 3.32350624e-04  1.22984288e-01  3.32350624e-04  3.63768643e-01 
 3.33350624e-04  1.22984288e-01  3.33350624e-04  3.63768643e-01 
 3.34350624e-04  1.22984288e-01  3.34350624e-04  3.63768643e-01 
 3.35350624e-04  1.22984288e-01  3.35350624e-04  3.63768643e-01 
 3.36350624e-04  1.22984288e-01  3.36350624e-04  3.63768643e-01 
 3.37350624e-04  1.22984288e-01  3.37350624e-04  3.63768643e-01 
 3.38350624e-04  1.22984288e-01  3.38350624e-04  3.63768643e-01 
 3.39350624e-04  1.22984288e-01  3.39350624e-04  3.63768643e-01 
 3.40350624e-04  1.22984288e-01  3.40350624e-04  3.63768643e-01 
 3.41350624e-04  1.22984288e-01  3.41350624e-04  3.63768643e-01 
 3.42350624e-04  1.22984288e-01  3.42350624e-04  3.63768643e-01 
 3.43350624e-04  1.22984288e-01  3.43350624e-04  3.63768643e-01 
 3.44350624e-04  1.22984288e-01  3.44350624e-04  3.63768643e-01 
 3.45350624e-04  1.22984288e-01  3.45350624e-04  3.63768643e-01 
 3.46350624e-04  1.22984288e-01  3.46350624e-04  3.63768643e-01 
 3.47350624e-04  1.22984288e-01  3.47350624e-04  3.63768643e-01 
 3.48350624e-04  1.22984288e-01  3.48350624e-04  3.63768643e-01 
 3.49350624e-04  1.22984288e-01  3.49350624e-04  3.63768643e-01 
 3.50350624e-04  1.22984288e-01  3.50350624e-04  3.63768643e-01 
 3.51350624e-04  1.22984288e-01  3.51350624e-04  3.63768643e-01 
 3.52350624e-04  1.22984288e-01  3.52350624e-04  3.63768643e-01 
 3.53350624e-04  1.22984288e-01  3.53350624e-04  3.63768643e-01 
 3.54350624e-04  1.22984288e-01  3.54350624e-04  3.63768643e-01 
 3.55350624e-04  1.22984288e-01  3.55350624e-04  3.63768643e-01 
 3.56350624e-04  1.22984288e-01  3.56350624e-04  3.63768643e-01 
 3.57350624e-04  1.22984288e-01  3.57350624e-04  3.63768643e-01 
 3.58350624e-04  1.22984288e-01  3.58350624e-04  3.63768643e-01 
 3.59350624e-04  1.22984288e-01  3.59350624e-04  3.63768643e-01 
 3.60350624e-04  1.22984288e-01  3.60350624e-04  3.63768643e-01 
 3.61350624e-04  1.22984288e-01  3.61350624e-04  3.63768643e-01 
 3.62350624e-04  1.22984288e-01  3.62350624e-04  3.63768643e-01 
 3.63350624e-04  1.22984288e-01  3.63350624e-04  3.63768643e-01 
 3.64350624e-04  1.22984288e-01  3.64350624e-04  3.63768643e-01 
 3.65350624e-04  1.22984288e-01  3.65350624e-04  3.63768643e-01 
 3.66350624e-04  1.22984288e-01  3.66350624e-04  3.63768643e-01 
 3.67350624e-04  1.22984288e-01  3.67350624e-04  3.63768643e-01 
 3.68350624e-04  1.22984288e-01  3.68350624e-04  3.63768643e-01 
 3.69350624e-04  1.22984288e-01  3.69350624e-04  3.63768643e-01 
 3.70350624e-04  1.22984288e-01  3.70350624e-04  3.63768643e-01 
 3.71350624e-04  1.22984288e-01  3.71350624e-04  3.63768643e-01 
 3.72350624e-04  1.22984288e-01  3.72350624e-04  3.63768643e-01 
 3.73350624e-04  1.22984288e-01  3.73350624e-04  3.63768643e-01 
 3.74350624e-04  1.22984288e-01  3.74350624e-04  3.63768643e-01 
 3.75350624e-04  1.22984288e-01  3.75350624e-04  3.63768643e-01 
 3.76350624e-04  1.22984288e-01  3.76350624e-04  3.63768643e-01 
 3.77350624e-04  1.22984288e-01  3.77350624e-04  3.63768643e-01 
 3.78350624e-04  1.22984288e-01  3.78350624e-04  3.63768643e-01 
 3.79350624e-04  1.22984288e-01  3.79350624e-04  3.63768643e-01 
 3.80350624e-04  1.22984288e-01  3.80350624e-04  3.63768643e-01 
 3.81350624e-04  1.22984288e-01  3.81350624e-04  3.63768643e-01 
 3.82350624e-04  1.22984288e-01  3.82350624e-04  3.63768643e-01 
 3.83350624e-04  1.22984288e-01  3.83350624e-04  3.63768643e-01 
 3.84350624e-04  1.22984288e-01  3.84350624e-04  3.63768643e-01 
 3.85350624e-04  1.22984288e-01  3.85350624e-04  3.63768643e-01 
 3.86350624e-04  1.22984288e-01  3.86350624e-04  3.63768643e-01 
 3.87350624e-04  1.22984288e-01  3.87350624e-04  3.63768643e-01 
 3.88350624e-04  1.22984288e-01  3.88350624e-04  3.63768643e-01 
 3.89350624e-04  1.22984288e-01  3.89350624e-04  3.63768643e-01 
 3.90350624e-04  1.22984288e-01  3.90350624e-04  3.63768643e-01 
 3.91350624e-04  1.22984288e-01  3.91350624e-04  3.63768643e-01 
 3.92350624e-04  1.22984288e-01  3.92350624e-04  3.63768643e-01 
 3.93350624e-04  1.22984288e-01  3.93350624e-04  3.63768643e-01 
 3.94350624e-04  1.22984288e-01  3.94350624e-04  3.63768643e-01 
 3.95350624e-04  1.22984288e-01  3.95350624e-04  3.63768643e-01 
 3.96350624e-04  1.22984288e-01  3.96350624e-04  3.63768643e-01 
 3.97350624e-04  1.22984288e-01  3.97350624e-04  3.63768643e-01 
 3.98350624e-04  1.22984288e-01  3.98350624e-04  3.63768643e-01 
 3.99350624e-04  1.22984288e-01  3.99350624e-04  3.63768643e-01 
 4.00350624e-04  1.22984288e-01  4.00350624e-04  3.63768643e-01 
 4.01000000e-04  1.22984288e-01  4.01000000e-04  3.63768643e-01 
