 0.00000000e+00  2.75447947e-01  0.00000000e+00  3.13479624e-01 
 1.00000000e-08  2.75447947e-01  1.00000000e-08  3.13479624e-01 
 2.00000000e-08  2.75447947e-01  2.00000000e-08  3.13479624e-01 
 4.00000000e-08  2.75447947e-01  4.00000000e-08  3.13479624e-01 
 8.00000000e-08  2.75447947e-01  8.00000000e-08  3.13479624e-01 
 1.60000000e-07  2.75447947e-01  1.60000000e-07  3.13479624e-01 
 3.20000000e-07  2.75447947e-01  3.20000000e-07  3.13479624e-01 
 6.40000000e-07  2.75447947e-01  6.40000000e-07  3.13479624e-01 
 1.00000000e-06  2.75447947e-01  1.00000000e-06  3.13479624e-01 
 1.00000010e-06  2.75447947e-01  1.00000010e-06  3.13479624e-01 
 1.00000030e-06  2.75447947e-01  1.00000030e-06  3.13479624e-01 
 1.00000070e-06  2.75447947e-01  1.00000070e-06  3.13479624e-01 
 1.00000100e-06  2.75447947e-01  1.00000100e-06  3.13479624e-01 
 1.00000108e-06  2.75447947e-01  1.00000108e-06  3.13479624e-01 
 1.00000124e-06  2.75447947e-01  1.00000124e-06  3.13479624e-01 
 1.00000156e-06  2.75447947e-01  1.00000156e-06  3.13479624e-01 
 1.00000220e-06  2.75447947e-01  1.00000220e-06  3.13479624e-01 
 1.00000348e-06  2.75447947e-01  1.00000348e-06  3.13479624e-01 
 1.00000604e-06  2.75447947e-01  1.00000604e-06  3.13479624e-01 
 1.00001116e-06  2.75447947e-01  1.00001116e-06  3.13479624e-01 
 1.00002140e-06  2.75447947e-01  1.00002140e-06  3.13479624e-01 
 1.00004188e-06  2.75447947e-01  1.00004188e-06  3.13479624e-01 
 1.00008284e-06  2.75447947e-01  1.00008284e-06  3.13479624e-01 
 1.00016476e-06  2.75447947e-01  1.00016476e-06  3.13479624e-01 
 1.00032860e-06  2.75447947e-01  1.00032860e-06  3.13479624e-01 
 1.00065628e-06  2.75447947e-01  1.00065628e-06  3.13479624e-01 
 1.00131164e-06  2.75447947e-01  1.00131164e-06  3.13479624e-01 
 1.00262236e-06  2.75447947e-01  1.00262236e-06  3.13479624e-01 
 1.00488849e-06  2.75447947e-01  1.00488849e-06  3.13479624e-01 
 1.00887288e-06  2.75447947e-01  1.00887288e-06  3.13479624e-01 
 1.01305205e-06  2.75447947e-01  1.01305205e-06  3.13479624e-01 
 1.02127695e-06  2.75447947e-01  1.02127695e-06  3.13479624e-01 
 1.03772676e-06  2.75447947e-01  1.03772676e-06  3.13479624e-01 
 1.07062637e-06  2.75447947e-01  1.07062637e-06  3.13479624e-01 
 1.13642558e-06  2.75447947e-01  1.13642558e-06  3.13479624e-01 
 1.26802402e-06  2.75447947e-01  1.26802402e-06  3.13479624e-01 
 1.47323503e-06  2.75447947e-01  1.47323503e-06  3.13479624e-01 
 1.71177589e-06  2.75447947e-01  1.71177589e-06  3.13479624e-01 
 1.90532631e-06  2.75447947e-01  1.90532631e-06  3.13479624e-01 
 2.09636557e-06  2.75447947e-01  2.09636557e-06  3.13479624e-01 
 2.28404320e-06  2.75447947e-01  2.28404320e-06  3.13479624e-01 
 2.49632380e-06  2.75447947e-01  2.49632380e-06  3.13479624e-01 
 2.66333710e-06  2.75447947e-01  2.66333710e-06  3.13479624e-01 
 2.79460455e-06  2.75447947e-01  2.79460455e-06  3.13479624e-01 
 2.92830025e-06  2.75447947e-01  2.92830025e-06  3.13479624e-01 
 3.06184511e-06  2.75447947e-01  3.06184511e-06  3.13479624e-01 
 3.20917065e-06  2.75447947e-01  3.20917065e-06  3.13479624e-01 
 3.37256682e-06  2.75447947e-01  3.37256682e-06  3.13479624e-01 
 3.51604724e-06  2.75447947e-01  3.51604724e-06  3.13479624e-01 
 3.69769615e-06  2.75447947e-01  3.69769615e-06  3.13479624e-01 
 3.91129359e-06  2.75447947e-01  3.91129359e-06  3.13479624e-01 
 4.12665746e-06  2.75447947e-01  4.12665746e-06  3.13479624e-01 
 4.37280543e-06  2.75447947e-01  4.37280543e-06  3.13479624e-01 
 4.63641314e-06  2.75447947e-01  4.63641314e-06  3.13479624e-01 
 4.92727157e-06  2.75447947e-01  4.92727157e-06  3.13479624e-01 
 5.24944126e-06  2.75447947e-01  5.24944126e-06  3.13479624e-01 
 5.77993097e-06  2.75447947e-01  5.77993097e-06  3.13479624e-01 
 6.38286483e-06  2.75447947e-01  6.38286483e-06  3.13479624e-01 
 6.97573687e-06  2.75447947e-01  6.97573687e-06  3.13479624e-01 
 7.84103004e-06  2.75447947e-01  7.84103004e-06  3.13479624e-01 
 8.84103004e-06  2.75447947e-01  8.84103004e-06  3.13479624e-01 
 9.84103004e-06  2.75447947e-01  9.84103004e-06  3.13479624e-01 
 1.08410300e-05  2.75447947e-01  1.08410300e-05  3.13479624e-01 
 1.18410300e-05  2.75447947e-01  1.18410300e-05  3.13479624e-01 
 1.28410300e-05  2.75447947e-01  1.28410300e-05  3.13479624e-01 
 1.38410300e-05  2.75447947e-01  1.38410300e-05  3.13479624e-01 
 1.48410300e-05  2.75447947e-01  1.48410300e-05  3.13479624e-01 
 1.58410300e-05  2.75447947e-01  1.58410300e-05  3.13479624e-01 
 1.68410300e-05  2.75447947e-01  1.68410300e-05  3.13479624e-01 
 1.78410300e-05  2.75447947e-01  1.78410300e-05  3.13479624e-01 
 1.88410300e-05  2.75447947e-01  1.88410300e-05  3.13479624e-01 
 1.98410300e-05  2.75447947e-01  1.98410300e-05  3.13479624e-01 
 2.08410300e-05  2.75447947e-01  2.08410300e-05  3.13479624e-01 
 2.18410300e-05  2.75447947e-01  2.18410300e-05  3.13479624e-01 
 2.28410300e-05  2.75447947e-01  2.28410300e-05  3.13479624e-01 
 2.38410300e-05  2.75447947e-01  2.38410300e-05  3.13479624e-01 
 2.48410300e-05  2.75447947e-01  2.48410300e-05  3.13479624e-01 
 2.58410300e-05  2.75447947e-01  2.58410300e-05  3.13479624e-01 
 2.68410300e-05  2.75447947e-01  2.68410300e-05  3.13479624e-01 
 2.78410300e-05  2.75447947e-01  2.78410300e-05  3.13479624e-01 
 2.88410300e-05  2.75447947e-01  2.88410300e-05  3.13479624e-01 
 2.98410300e-05  2.75447947e-01  2.98410300e-05  3.13479624e-01 
 3.08410300e-05  2.75447947e-01  3.08410300e-05  3.13479624e-01 
 3.18410300e-05  2.75447947e-01  3.18410300e-05  3.13479624e-01 
 3.28410300e-05  2.75447947e-01  3.28410300e-05  3.13479624e-01 
 3.38410300e-05  2.75447947e-01  3.38410300e-05  3.13479624e-01 
 3.48410300e-05  2.75447947e-01  3.48410300e-05  3.13479624e-01 
 3.58410300e-05  2.75447947e-01  3.58410300e-05  3.13479624e-01 
 3.68410300e-05  2.75447947e-01  3.68410300e-05  3.13479624e-01 
 3.78410300e-05  2.75447947e-01  3.78410300e-05  3.13479624e-01 
 3.88410300e-05  2.75447947e-01  3.88410300e-05  3.13479624e-01 
 3.98410300e-05  2.75447947e-01  3.98410300e-05  3.13479624e-01 
 4.08410300e-05  2.75447947e-01  4.08410300e-05  3.13479624e-01 
 4.18410300e-05  2.75447947e-01  4.18410300e-05  3.13479624e-01 
 4.28410300e-05  2.75447947e-01  4.28410300e-05  3.13479624e-01 
 4.38410300e-05  2.75447947e-01  4.38410300e-05  3.13479624e-01 
 4.48410300e-05  2.75447947e-01  4.48410300e-05  3.13479624e-01 
 4.58410300e-05  2.75447947e-01  4.58410300e-05  3.13479624e-01 
 4.68410300e-05  2.75447947e-01  4.68410300e-05  3.13479624e-01 
 4.78410300e-05  2.75447947e-01  4.78410300e-05  3.13479624e-01 
 4.88410300e-05  2.75447947e-01  4.88410300e-05  3.13479624e-01 
 4.98410300e-05  2.75447947e-01  4.98410300e-05  3.13479624e-01 
 5.08410300e-05  2.75447947e-01  5.08410300e-05  3.13479624e-01 
 5.18410300e-05  2.75447947e-01  5.18410300e-05  3.13479624e-01 
 5.28410300e-05  2.75447947e-01  5.28410300e-05  3.13479624e-01 
 5.38410300e-05  2.75447947e-01  5.38410300e-05  3.13479624e-01 
 5.48410300e-05  2.75447947e-01  5.48410300e-05  3.13479624e-01 
 5.58410300e-05  2.75447947e-01  5.58410300e-05  3.13479624e-01 
 5.68410300e-05  2.75447947e-01  5.68410300e-05  3.13479624e-01 
 5.78410300e-05  2.75447947e-01  5.78410300e-05  3.13479624e-01 
 5.88410300e-05  2.75447947e-01  5.88410300e-05  3.13479624e-01 
 5.98410300e-05  2.75447947e-01  5.98410300e-05  3.13479624e-01 
 6.08410300e-05  2.75447947e-01  6.08410300e-05  3.13479624e-01 
 6.18410300e-05  2.75447947e-01  6.18410300e-05  3.13479624e-01 
 6.28410300e-05  2.75447947e-01  6.28410300e-05  3.13479624e-01 
 6.38410300e-05  2.75447947e-01  6.38410300e-05  3.13479624e-01 
 6.48410300e-05  2.75447947e-01  6.48410300e-05  3.13479624e-01 
 6.58410300e-05  2.75447947e-01  6.58410300e-05  3.13479624e-01 
 6.68410300e-05  2.75447947e-01  6.68410300e-05  3.13479624e-01 
 6.78410300e-05  2.75447947e-01  6.78410300e-05  3.13479624e-01 
 6.88410300e-05  2.75447947e-01  6.88410300e-05  3.13479624e-01 
 6.98410300e-05  2.75447947e-01  6.98410300e-05  3.13479624e-01 
 7.08410300e-05  2.75447947e-01  7.08410300e-05  3.13479624e-01 
 7.18410300e-05  2.75447947e-01  7.18410300e-05  3.13479624e-01 
 7.28410300e-05  2.75447947e-01  7.28410300e-05  3.13479624e-01 
 7.38410300e-05  2.75447947e-01  7.38410300e-05  3.13479624e-01 
 7.48410300e-05  2.75447947e-01  7.48410300e-05  3.13479624e-01 
 7.58410300e-05  2.75447947e-01  7.58410300e-05  3.13479624e-01 
 7.68410300e-05  2.75447947e-01  7.68410300e-05  3.13479624e-01 
 7.78410300e-05  2.75447947e-01  7.78410300e-05  3.13479624e-01 
 7.88410300e-05  2.75447947e-01  7.88410300e-05  3.13479624e-01 
 7.98410300e-05  2.75447947e-01  7.98410300e-05  3.13479624e-01 
 8.08410300e-05  2.75447947e-01  8.08410300e-05  3.13479624e-01 
 8.18410300e-05  2.75447947e-01  8.18410300e-05  3.13479624e-01 
 8.28410300e-05  2.75447947e-01  8.28410300e-05  3.13479624e-01 
 8.38410300e-05  2.75447947e-01  8.38410300e-05  3.13479624e-01 
 8.48410300e-05  2.75447947e-01  8.48410300e-05  3.13479624e-01 
 8.58410300e-05  2.75447947e-01  8.58410300e-05  3.13479624e-01 
 8.68410300e-05  2.75447947e-01  8.68410300e-05  3.13479624e-01 
 8.78410300e-05  2.75447947e-01  8.78410300e-05  3.13479624e-01 
 8.88410300e-05  2.75447947e-01  8.88410300e-05  3.13479624e-01 
 8.98410300e-05  2.75447947e-01  8.98410300e-05  3.13479624e-01 
 9.08410300e-05  2.75447947e-01  9.08410300e-05  3.13479624e-01 
 9.18410300e-05  2.75447947e-01  9.18410300e-05  3.13479624e-01 
 9.28410300e-05  2.75447947e-01  9.28410300e-05  3.13479624e-01 
 9.38410300e-05  2.75447947e-01  9.38410300e-05  3.13479624e-01 
 9.48410300e-05  2.75447947e-01  9.48410300e-05  3.13479624e-01 
 9.58410300e-05  2.75447947e-01  9.58410300e-05  3.13479624e-01 
 9.68410300e-05  2.75447947e-01  9.68410300e-05  3.13479624e-01 
 9.78410300e-05  2.75447947e-01  9.78410300e-05  3.13479624e-01 
 9.88410300e-05  2.75447947e-01  9.88410300e-05  3.13479624e-01 
 9.98410300e-05  2.75447947e-01  9.98410300e-05  3.13479624e-01 
 1.00841030e-04  2.75447947e-01  1.00841030e-04  3.13479624e-01 
 1.01841030e-04  2.75447947e-01  1.01841030e-04  3.13479624e-01 
 1.02841030e-04  2.75447947e-01  1.02841030e-04  3.13479624e-01 
 1.03841030e-04  2.75447947e-01  1.03841030e-04  3.13479624e-01 
 1.04841030e-04  2.75447947e-01  1.04841030e-04  3.13479624e-01 
 1.05841030e-04  2.75447947e-01  1.05841030e-04  3.13479624e-01 
 1.06841030e-04  2.75447947e-01  1.06841030e-04  3.13479624e-01 
 1.07841030e-04  2.75447947e-01  1.07841030e-04  3.13479624e-01 
 1.08841030e-04  2.75447947e-01  1.08841030e-04  3.13479624e-01 
 1.09841030e-04  2.75447947e-01  1.09841030e-04  3.13479624e-01 
 1.10841030e-04  2.75447947e-01  1.10841030e-04  3.13479624e-01 
 1.11841030e-04  2.75447947e-01  1.11841030e-04  3.13479624e-01 
 1.12841030e-04  2.75447947e-01  1.12841030e-04  3.13479624e-01 
 1.13841030e-04  2.75447947e-01  1.13841030e-04  3.13479624e-01 
 1.14841030e-04  2.75447947e-01  1.14841030e-04  3.13479624e-01 
 1.15841030e-04  2.75447947e-01  1.15841030e-04  3.13479624e-01 
 1.16841030e-04  2.75447947e-01  1.16841030e-04  3.13479624e-01 
 1.17841030e-04  2.75447947e-01  1.17841030e-04  3.13479624e-01 
 1.18841030e-04  2.75447947e-01  1.18841030e-04  3.13479624e-01 
 1.19841030e-04  2.75447947e-01  1.19841030e-04  3.13479624e-01 
 1.20841030e-04  2.75447947e-01  1.20841030e-04  3.13479624e-01 
 1.21841030e-04  2.75447947e-01  1.21841030e-04  3.13479624e-01 
 1.22841030e-04  2.75447947e-01  1.22841030e-04  3.13479624e-01 
 1.23841030e-04  2.75447947e-01  1.23841030e-04  3.13479624e-01 
 1.24841030e-04  2.75447947e-01  1.24841030e-04  3.13479624e-01 
 1.25841030e-04  2.75447947e-01  1.25841030e-04  3.13479624e-01 
 1.26841030e-04  2.75447947e-01  1.26841030e-04  3.13479624e-01 
 1.27841030e-04  2.75447947e-01  1.27841030e-04  3.13479624e-01 
 1.28841030e-04  2.75447947e-01  1.28841030e-04  3.13479624e-01 
 1.29841030e-04  2.75447947e-01  1.29841030e-04  3.13479624e-01 
 1.30841030e-04  2.75447947e-01  1.30841030e-04  3.13479624e-01 
 1.31841030e-04  2.75447947e-01  1.31841030e-04  3.13479624e-01 
 1.32841030e-04  2.75447947e-01  1.32841030e-04  3.13479624e-01 
 1.33841030e-04  2.75447947e-01  1.33841030e-04  3.13479624e-01 
 1.34841030e-04  2.75447947e-01  1.34841030e-04  3.13479624e-01 
 1.35841030e-04  2.75447947e-01  1.35841030e-04  3.13479624e-01 
 1.36841030e-04  2.75447947e-01  1.36841030e-04  3.13479624e-01 
 1.37841030e-04  2.75447947e-01  1.37841030e-04  3.13479624e-01 
 1.38841030e-04  2.75447947e-01  1.38841030e-04  3.13479624e-01 
 1.39841030e-04  2.75447947e-01  1.39841030e-04  3.13479624e-01 
 1.40841030e-04  2.75447947e-01  1.40841030e-04  3.13479624e-01 
 1.41841030e-04  2.75447947e-01  1.41841030e-04  3.13479624e-01 
 1.42841030e-04  2.75447947e-01  1.42841030e-04  3.13479624e-01 
 1.43841030e-04  2.75447947e-01  1.43841030e-04  3.13479624e-01 
 1.44841030e-04  2.75447947e-01  1.44841030e-04  3.13479624e-01 
 1.45841030e-04  2.75447947e-01  1.45841030e-04  3.13479624e-01 
 1.46841030e-04  2.75447947e-01  1.46841030e-04  3.13479624e-01 
 1.47841030e-04  2.75447947e-01  1.47841030e-04  3.13479624e-01 
 1.48841030e-04  2.75447947e-01  1.48841030e-04  3.13479624e-01 
 1.49841030e-04  2.75447947e-01  1.49841030e-04  3.13479624e-01 
 1.50841030e-04  2.75447947e-01  1.50841030e-04  3.13479624e-01 
 1.51841030e-04  2.75447947e-01  1.51841030e-04  3.13479624e-01 
 1.52841030e-04  2.75447947e-01  1.52841030e-04  3.13479624e-01 
 1.53841030e-04  2.75447947e-01  1.53841030e-04  3.13479624e-01 
 1.54841030e-04  2.75447947e-01  1.54841030e-04  3.13479624e-01 
 1.55841030e-04  2.75447947e-01  1.55841030e-04  3.13479624e-01 
 1.56841030e-04  2.75447947e-01  1.56841030e-04  3.13479624e-01 
 1.57841030e-04  2.75447947e-01  1.57841030e-04  3.13479624e-01 
 1.58841030e-04  2.75447947e-01  1.58841030e-04  3.13479624e-01 
 1.59841030e-04  2.75447947e-01  1.59841030e-04  3.13479624e-01 
 1.60841030e-04  2.75447947e-01  1.60841030e-04  3.13479624e-01 
 1.61841030e-04  2.75447947e-01  1.61841030e-04  3.13479624e-01 
 1.62841030e-04  2.75447947e-01  1.62841030e-04  3.13479624e-01 
 1.63841030e-04  2.75447947e-01  1.63841030e-04  3.13479624e-01 
 1.64841030e-04  2.75447947e-01  1.64841030e-04  3.13479624e-01 
 1.65841030e-04  2.75447947e-01  1.65841030e-04  3.13479624e-01 
 1.66841030e-04  2.75447947e-01  1.66841030e-04  3.13479624e-01 
 1.67841030e-04  2.75447947e-01  1.67841030e-04  3.13479624e-01 
 1.68841030e-04  2.75447947e-01  1.68841030e-04  3.13479624e-01 
 1.69841030e-04  2.75447947e-01  1.69841030e-04  3.13479624e-01 
 1.70841030e-04  2.75447947e-01  1.70841030e-04  3.13479624e-01 
 1.71841030e-04  2.75447947e-01  1.71841030e-04  3.13479624e-01 
 1.72841030e-04  2.75447947e-01  1.72841030e-04  3.13479624e-01 
 1.73841030e-04  2.75447947e-01  1.73841030e-04  3.13479624e-01 
 1.74841030e-04  2.75447947e-01  1.74841030e-04  3.13479624e-01 
 1.75841030e-04  2.75447947e-01  1.75841030e-04  3.13479624e-01 
 1.76841030e-04  2.75447947e-01  1.76841030e-04  3.13479624e-01 
 1.77841030e-04  2.75447947e-01  1.77841030e-04  3.13479624e-01 
 1.78841030e-04  2.75447947e-01  1.78841030e-04  3.13479624e-01 
 1.79841030e-04  2.75447947e-01  1.79841030e-04  3.13479624e-01 
 1.80841030e-04  2.75447947e-01  1.80841030e-04  3.13479624e-01 
 1.81841030e-04  2.75447947e-01  1.81841030e-04  3.13479624e-01 
 1.82841030e-04  2.75447947e-01  1.82841030e-04  3.13479624e-01 
 1.83841030e-04  2.75447947e-01  1.83841030e-04  3.13479624e-01 
 1.84841030e-04  2.75447947e-01  1.84841030e-04  3.13479624e-01 
 1.85841030e-04  2.75447947e-01  1.85841030e-04  3.13479624e-01 
 1.86841030e-04  2.75447947e-01  1.86841030e-04  3.13479624e-01 
 1.87841030e-04  2.75447947e-01  1.87841030e-04  3.13479624e-01 
 1.88841030e-04  2.75447947e-01  1.88841030e-04  3.13479624e-01 
 1.89841030e-04  2.75447947e-01  1.89841030e-04  3.13479624e-01 
 1.90841030e-04  2.75447947e-01  1.90841030e-04  3.13479624e-01 
 1.91841030e-04  2.75447947e-01  1.91841030e-04  3.13479624e-01 
 1.92841030e-04  2.75447947e-01  1.92841030e-04  3.13479624e-01 
 1.93841030e-04  2.75447947e-01  1.93841030e-04  3.13479624e-01 
 1.94841030e-04  2.75447947e-01  1.94841030e-04  3.13479624e-01 
 1.95841030e-04  2.75447947e-01  1.95841030e-04  3.13479624e-01 
 1.96841030e-04  2.75447947e-01  1.96841030e-04  3.13479624e-01 
 1.97841030e-04  2.75447947e-01  1.97841030e-04  3.13479624e-01 
 1.98841030e-04  2.75447947e-01  1.98841030e-04  3.13479624e-01 
 1.99841030e-04  2.75447947e-01  1.99841030e-04  3.13479624e-01 
 2.00841030e-04  2.75447947e-01  2.00841030e-04  3.13479624e-01 
 2.01000001e-04  2.75447947e-01  2.01000001e-04  3.13479624e-01 
 2.01000001e-04  2.75447947e-01  2.01000001e-04  3.13479624e-01 
 2.01000001e-04  2.75447947e-01  2.01000001e-04  3.13479624e-01 
 2.01000002e-04  2.75447947e-01  2.01000002e-04  3.13479624e-01 
 2.01000002e-04  2.75447947e-01  2.01000002e-04  3.13479624e-01 
 2.01000002e-04  2.75447947e-01  2.01000002e-04  3.13479624e-01 
 2.01000002e-04  2.75447947e-01  2.01000002e-04  3.13479624e-01 
 2.01000003e-04  2.75447947e-01  2.01000003e-04  3.13479624e-01 
 2.01000003e-04  2.75447947e-01  2.01000003e-04  3.13479624e-01 
 2.01000004e-04  2.75447947e-01  2.01000004e-04  3.13479624e-01 
 2.01000007e-04  2.75447947e-01  2.01000007e-04  3.13479624e-01 
 2.01000012e-04  2.75447947e-01  2.01000012e-04  3.13479624e-01 
 2.01000022e-04  2.75447947e-01  2.01000022e-04  3.13479624e-01 
 2.01000043e-04  2.75447947e-01  2.01000043e-04  3.13479624e-01 
 2.01000084e-04  2.75447947e-01  2.01000084e-04  3.13479624e-01 
 2.01000166e-04  2.75447947e-01  2.01000166e-04  3.13479624e-01 
 2.01000330e-04  2.75447947e-01  2.01000330e-04  3.13479624e-01 
 2.01000657e-04  2.75447947e-01  2.01000657e-04  3.13479624e-01 
 2.01001313e-04  2.75447947e-01  2.01001313e-04  3.13479624e-01 
 2.01002623e-04  2.75447947e-01  2.01002623e-04  3.13479624e-01 
 2.01005088e-04  2.75447947e-01  2.01005088e-04  3.13479624e-01 
 2.01008862e-04  2.75447947e-01  2.01008862e-04  3.13479624e-01 
 2.01013697e-04  2.75447947e-01  2.01013697e-04  3.13479624e-01 
 2.01019246e-04  2.75447947e-01  2.01019246e-04  3.13479624e-01 
 2.01030150e-04  2.75447947e-01  2.01030150e-04  3.13479624e-01 
 2.01050214e-04  2.75447947e-01  2.01050214e-04  3.13479624e-01 
 2.01086648e-04  2.75447947e-01  2.01086648e-04  3.13479624e-01 
 2.01159515e-04  2.75447947e-01  2.01159515e-04  3.13479624e-01 
 2.01305249e-04  2.75447947e-01  2.01305249e-04  3.13479624e-01 
 2.01508010e-04  2.75447947e-01  2.01508010e-04  3.13479624e-01 
 2.01742357e-04  2.75447947e-01  2.01742357e-04  3.13479624e-01 
 2.01910978e-04  2.75447947e-01  2.01910978e-04  3.13479624e-01 
 2.02041770e-04  2.75447947e-01  2.02041770e-04  3.13479624e-01 
 2.02177490e-04  2.75447947e-01  2.02177490e-04  3.13479624e-01 
 2.02388243e-04  2.75447947e-01  2.02388243e-04  3.13479624e-01 
 2.02581642e-04  2.75447947e-01  2.02581642e-04  3.13479624e-01 
 2.02782706e-04  2.75447947e-01  2.02782706e-04  3.13479624e-01 
 2.02910702e-04  2.75447947e-01  2.02910702e-04  3.13479624e-01 
 2.03060481e-04  2.75447947e-01  2.03060481e-04  3.13479624e-01 
 2.03194561e-04  2.75447947e-01  2.03194561e-04  3.13479624e-01 
 2.03362912e-04  2.75447947e-01  2.03362912e-04  3.13479624e-01 
 2.03499693e-04  2.75447947e-01  2.03499693e-04  3.13479624e-01 
 2.03680073e-04  2.75447947e-01  2.03680073e-04  3.13479624e-01 
 2.03863119e-04  2.75447947e-01  2.03863119e-04  3.13479624e-01 
 2.04057624e-04  2.75447947e-01  2.04057624e-04  3.13479624e-01 
 2.04242956e-04  2.75447947e-01  2.04242956e-04  3.13479624e-01 
 2.04458824e-04  2.75447947e-01  2.04458824e-04  3.13479624e-01 
 2.04679533e-04  2.75447947e-01  2.04679533e-04  3.13479624e-01 
 2.04921530e-04  2.75447947e-01  2.04921530e-04  3.13479624e-01 
 2.05258867e-04  2.75447947e-01  2.05258867e-04  3.13479624e-01 
 2.05603697e-04  2.75447947e-01  2.05603697e-04  3.13479624e-01 
 2.05959923e-04  2.75447947e-01  2.05959923e-04  3.13479624e-01 
 2.06457516e-04  2.75447947e-01  2.06457516e-04  3.13479624e-01 
 2.07156513e-04  2.75447947e-01  2.07156513e-04  3.13479624e-01 
 2.07854036e-04  2.75447947e-01  2.07854036e-04  3.13479624e-01 
 2.08633679e-04  2.75447947e-01  2.08633679e-04  3.13479624e-01 
 2.09502771e-04  2.75447947e-01  2.09502771e-04  3.13479624e-01 
 2.10495301e-04  2.75447947e-01  2.10495301e-04  3.13479624e-01 
 2.11495301e-04  2.75447947e-01  2.11495301e-04  3.13479624e-01 
 2.12495301e-04  2.75447947e-01  2.12495301e-04  3.13479624e-01 
 2.13495301e-04  2.75447947e-01  2.13495301e-04  3.13479624e-01 
 2.14495301e-04  2.75447947e-01  2.14495301e-04  3.13479624e-01 
 2.15495301e-04  2.75447947e-01  2.15495301e-04  3.13479624e-01 
 2.16495301e-04  2.75447947e-01  2.16495301e-04  3.13479624e-01 
 2.17495301e-04  2.75447947e-01  2.17495301e-04  3.13479624e-01 
 2.18495301e-04  2.75447947e-01  2.18495301e-04  3.13479624e-01 
 2.19495301e-04  2.75447947e-01  2.19495301e-04  3.13479624e-01 
 2.20495301e-04  2.75447947e-01  2.20495301e-04  3.13479624e-01 
 2.21495301e-04  2.75447947e-01  2.21495301e-04  3.13479624e-01 
 2.22495301e-04  2.75447947e-01  2.22495301e-04  3.13479624e-01 
 2.23495301e-04  2.75447947e-01  2.23495301e-04  3.13479624e-01 
 2.24495301e-04  2.75447947e-01  2.24495301e-04  3.13479624e-01 
 2.25495301e-04  2.75447947e-01  2.25495301e-04  3.13479624e-01 
 2.26495301e-04  2.75447947e-01  2.26495301e-04  3.13479624e-01 
 2.27495301e-04  2.75447947e-01  2.27495301e-04  3.13479624e-01 
 2.28495301e-04  2.75447947e-01  2.28495301e-04  3.13479624e-01 
 2.29495301e-04  2.75447947e-01  2.29495301e-04  3.13479624e-01 
 2.30495301e-04  2.75447947e-01  2.30495301e-04  3.13479624e-01 
 2.31495301e-04  2.75447947e-01  2.31495301e-04  3.13479624e-01 
 2.32495301e-04  2.75447947e-01  2.32495301e-04  3.13479624e-01 
 2.33495301e-04  2.75447947e-01  2.33495301e-04  3.13479624e-01 
 2.34495301e-04  2.75447947e-01  2.34495301e-04  3.13479624e-01 
 2.35495301e-04  2.75447947e-01  2.35495301e-04  3.13479624e-01 
 2.36495301e-04  2.75447947e-01  2.36495301e-04  3.13479624e-01 
 2.37495301e-04  2.75447947e-01  2.37495301e-04  3.13479624e-01 
 2.38495301e-04  2.75447947e-01  2.38495301e-04  3.13479624e-01 
 2.39495301e-04  2.75447947e-01  2.39495301e-04  3.13479624e-01 
 2.40495301e-04  2.75447947e-01  2.40495301e-04  3.13479624e-01 
 2.41495301e-04  2.75447947e-01  2.41495301e-04  3.13479624e-01 
 2.42495301e-04  2.75447947e-01  2.42495301e-04  3.13479624e-01 
 2.43495301e-04  2.75447947e-01  2.43495301e-04  3.13479624e-01 
 2.44495301e-04  2.75447947e-01  2.44495301e-04  3.13479624e-01 
 2.45495301e-04  2.75447947e-01  2.45495301e-04  3.13479624e-01 
 2.46495301e-04  2.75447947e-01  2.46495301e-04  3.13479624e-01 
 2.47495301e-04  2.75447947e-01  2.47495301e-04  3.13479624e-01 
 2.48495301e-04  2.75447947e-01  2.48495301e-04  3.13479624e-01 
 2.49495301e-04  2.75447947e-01  2.49495301e-04  3.13479624e-01 
 2.50495301e-04  2.75447947e-01  2.50495301e-04  3.13479624e-01 
 2.51495301e-04  2.75447947e-01  2.51495301e-04  3.13479624e-01 
 2.52495301e-04  2.75447947e-01  2.52495301e-04  3.13479624e-01 
 2.53495301e-04  2.75447947e-01  2.53495301e-04  3.13479624e-01 
 2.54495301e-04  2.75447947e-01  2.54495301e-04  3.13479624e-01 
 2.55495301e-04  2.75447947e-01  2.55495301e-04  3.13479624e-01 
 2.56495301e-04  2.75447947e-01  2.56495301e-04  3.13479624e-01 
 2.57495301e-04  2.75447947e-01  2.57495301e-04  3.13479624e-01 
 2.58495301e-04  2.75447947e-01  2.58495301e-04  3.13479624e-01 
 2.59495301e-04  2.75447947e-01  2.59495301e-04  3.13479624e-01 
 2.60495301e-04  2.75447947e-01  2.60495301e-04  3.13479624e-01 
 2.61495301e-04  2.75447947e-01  2.61495301e-04  3.13479624e-01 
 2.62495301e-04  2.75447947e-01  2.62495301e-04  3.13479624e-01 
 2.63495301e-04  2.75447947e-01  2.63495301e-04  3.13479624e-01 
 2.64495301e-04  2.75447947e-01  2.64495301e-04  3.13479624e-01 
 2.65495301e-04  2.75447947e-01  2.65495301e-04  3.13479624e-01 
 2.66495301e-04  2.75447947e-01  2.66495301e-04  3.13479624e-01 
 2.67495301e-04  2.75447947e-01  2.67495301e-04  3.13479624e-01 
 2.68495301e-04  2.75447947e-01  2.68495301e-04  3.13479624e-01 
 2.69495301e-04  2.75447947e-01  2.69495301e-04  3.13479624e-01 
 2.70495301e-04  2.75447947e-01  2.70495301e-04  3.13479624e-01 
 2.71495301e-04  2.75447947e-01  2.71495301e-04  3.13479624e-01 
 2.72495301e-04  2.75447947e-01  2.72495301e-04  3.13479624e-01 
 2.73495301e-04  2.75447947e-01  2.73495301e-04  3.13479624e-01 
 2.74495301e-04  2.75447947e-01  2.74495301e-04  3.13479624e-01 
 2.75495301e-04  2.75447947e-01  2.75495301e-04  3.13479624e-01 
 2.76495301e-04  2.75447947e-01  2.76495301e-04  3.13479624e-01 
 2.77495301e-04  2.75447947e-01  2.77495301e-04  3.13479624e-01 
 2.78495301e-04  2.75447947e-01  2.78495301e-04  3.13479624e-01 
 2.79495301e-04  2.75447947e-01  2.79495301e-04  3.13479624e-01 
 2.80495301e-04  2.75447947e-01  2.80495301e-04  3.13479624e-01 
 2.81495301e-04  2.75447947e-01  2.81495301e-04  3.13479624e-01 
 2.82495301e-04  2.75447947e-01  2.82495301e-04  3.13479624e-01 
 2.83495301e-04  2.75447947e-01  2.83495301e-04  3.13479624e-01 
 2.84495301e-04  2.75447947e-01  2.84495301e-04  3.13479624e-01 
 2.85495301e-04  2.75447947e-01  2.85495301e-04  3.13479624e-01 
 2.86495301e-04  2.75447947e-01  2.86495301e-04  3.13479624e-01 
 2.87495301e-04  2.75447947e-01  2.87495301e-04  3.13479624e-01 
 2.88495301e-04  2.75447947e-01  2.88495301e-04  3.13479624e-01 
 2.89495301e-04  2.75447947e-01  2.89495301e-04  3.13479624e-01 
 2.90495301e-04  2.75447947e-01  2.90495301e-04  3.13479624e-01 
 2.91495301e-04  2.75447947e-01  2.91495301e-04  3.13479624e-01 
 2.92495301e-04  2.75447947e-01  2.92495301e-04  3.13479624e-01 
 2.93495301e-04  2.75447947e-01  2.93495301e-04  3.13479624e-01 
 2.94495301e-04  2.75447947e-01  2.94495301e-04  3.13479624e-01 
 2.95495301e-04  2.75447947e-01  2.95495301e-04  3.13479624e-01 
 2.96495301e-04  2.75447947e-01  2.96495301e-04  3.13479624e-01 
 2.97495301e-04  2.75447947e-01  2.97495301e-04  3.13479624e-01 
 2.98495301e-04  2.75447947e-01  2.98495301e-04  3.13479624e-01 
 2.99495301e-04  2.75447947e-01  2.99495301e-04  3.13479624e-01 
 3.00495301e-04  2.75447947e-01  3.00495301e-04  3.13479624e-01 
 3.01495301e-04  2.75447947e-01  3.01495301e-04  3.13479624e-01 
 3.02495301e-04  2.75447947e-01  3.02495301e-04  3.13479624e-01 
 3.03495301e-04  2.75447947e-01  3.03495301e-04  3.13479624e-01 
 3.04495301e-04  2.75447947e-01  3.04495301e-04  3.13479624e-01 
 3.05495301e-04  2.75447947e-01  3.05495301e-04  3.13479624e-01 
 3.06495301e-04  2.75447947e-01  3.06495301e-04  3.13479624e-01 
 3.07495301e-04  2.75447947e-01  3.07495301e-04  3.13479624e-01 
 3.08495301e-04  2.75447947e-01  3.08495301e-04  3.13479624e-01 
 3.09495301e-04  2.75447947e-01  3.09495301e-04  3.13479624e-01 
 3.10495301e-04  2.75447947e-01  3.10495301e-04  3.13479624e-01 
 3.11495301e-04  2.75447947e-01  3.11495301e-04  3.13479624e-01 
 3.12495301e-04  2.75447947e-01  3.12495301e-04  3.13479624e-01 
 3.13495301e-04  2.75447947e-01  3.13495301e-04  3.13479624e-01 
 3.14495301e-04  2.75447947e-01  3.14495301e-04  3.13479624e-01 
 3.15495301e-04  2.75447947e-01  3.15495301e-04  3.13479624e-01 
 3.16495301e-04  2.75447947e-01  3.16495301e-04  3.13479624e-01 
 3.17495301e-04  2.75447947e-01  3.17495301e-04  3.13479624e-01 
 3.18495301e-04  2.75447947e-01  3.18495301e-04  3.13479624e-01 
 3.19495301e-04  2.75447947e-01  3.19495301e-04  3.13479624e-01 
 3.20495301e-04  2.75447947e-01  3.20495301e-04  3.13479624e-01 
 3.21495301e-04  2.75447947e-01  3.21495301e-04  3.13479624e-01 
 3.22495301e-04  2.75447947e-01  3.22495301e-04  3.13479624e-01 
 3.23495301e-04  2.75447947e-01  3.23495301e-04  3.13479624e-01 
 3.24495301e-04  2.75447947e-01  3.24495301e-04  3.13479624e-01 
 3.25495301e-04  2.75447947e-01  3.25495301e-04  3.13479624e-01 
 3.26495301e-04  2.75447947e-01  3.26495301e-04  3.13479624e-01 
 3.27495301e-04  2.75447947e-01  3.27495301e-04  3.13479624e-01 
 3.28495301e-04  2.75447947e-01  3.28495301e-04  3.13479624e-01 
 3.29495301e-04  2.75447947e-01  3.29495301e-04  3.13479624e-01 
 3.30495301e-04  2.75447947e-01  3.30495301e-04  3.13479624e-01 
 3.31495301e-04  2.75447947e-01  3.31495301e-04  3.13479624e-01 
 3.32495301e-04  2.75447947e-01  3.32495301e-04  3.13479624e-01 
 3.33495301e-04  2.75447947e-01  3.33495301e-04  3.13479624e-01 
 3.34495301e-04  2.75447947e-01  3.34495301e-04  3.13479624e-01 
 3.35495301e-04  2.75447947e-01  3.35495301e-04  3.13479624e-01 
 3.36495301e-04  2.75447947e-01  3.36495301e-04  3.13479624e-01 
 3.37495301e-04  2.75447947e-01  3.37495301e-04  3.13479624e-01 
 3.38495301e-04  2.75447947e-01  3.38495301e-04  3.13479624e-01 
 3.39495301e-04  2.75447947e-01  3.39495301e-04  3.13479624e-01 
 3.40495301e-04  2.75447947e-01  3.40495301e-04  3.13479624e-01 
 3.41495301e-04  2.75447947e-01  3.41495301e-04  3.13479624e-01 
 3.42495301e-04  2.75447947e-01  3.42495301e-04  3.13479624e-01 
 3.43495301e-04  2.75447947e-01  3.43495301e-04  3.13479624e-01 
 3.44495301e-04  2.75447947e-01  3.44495301e-04  3.13479624e-01 
 3.45495301e-04  2.75447947e-01  3.45495301e-04  3.13479624e-01 
 3.46495301e-04  2.75447947e-01  3.46495301e-04  3.13479624e-01 
 3.47495301e-04  2.75447947e-01  3.47495301e-04  3.13479624e-01 
 3.48495301e-04  2.75447947e-01  3.48495301e-04  3.13479624e-01 
 3.49495301e-04  2.75447947e-01  3.49495301e-04  3.13479624e-01 
 3.50495301e-04  2.75447947e-01  3.50495301e-04  3.13479624e-01 
 3.51495301e-04  2.75447947e-01  3.51495301e-04  3.13479624e-01 
 3.52495301e-04  2.75447947e-01  3.52495301e-04  3.13479624e-01 
 3.53495301e-04  2.75447947e-01  3.53495301e-04  3.13479624e-01 
 3.54495301e-04  2.75447947e-01  3.54495301e-04  3.13479624e-01 
 3.55495301e-04  2.75447947e-01  3.55495301e-04  3.13479624e-01 
 3.56495301e-04  2.75447947e-01  3.56495301e-04  3.13479624e-01 
 3.57495301e-04  2.75447947e-01  3.57495301e-04  3.13479624e-01 
 3.58495301e-04  2.75447947e-01  3.58495301e-04  3.13479624e-01 
 3.59495301e-04  2.75447947e-01  3.59495301e-04  3.13479624e-01 
 3.60495301e-04  2.75447947e-01  3.60495301e-04  3.13479624e-01 
 3.61495301e-04  2.75447947e-01  3.61495301e-04  3.13479624e-01 
 3.62495301e-04  2.75447947e-01  3.62495301e-04  3.13479624e-01 
 3.63495301e-04  2.75447947e-01  3.63495301e-04  3.13479624e-01 
 3.64495301e-04  2.75447947e-01  3.64495301e-04  3.13479624e-01 
 3.65495301e-04  2.75447947e-01  3.65495301e-04  3.13479624e-01 
 3.66495301e-04  2.75447947e-01  3.66495301e-04  3.13479624e-01 
 3.67495301e-04  2.75447947e-01  3.67495301e-04  3.13479624e-01 
 3.68495301e-04  2.75447947e-01  3.68495301e-04  3.13479624e-01 
 3.69495301e-04  2.75447947e-01  3.69495301e-04  3.13479624e-01 
 3.70495301e-04  2.75447947e-01  3.70495301e-04  3.13479624e-01 
 3.71495301e-04  2.75447947e-01  3.71495301e-04  3.13479624e-01 
 3.72495301e-04  2.75447947e-01  3.72495301e-04  3.13479624e-01 
 3.73495301e-04  2.75447947e-01  3.73495301e-04  3.13479624e-01 
 3.74495301e-04  2.75447947e-01  3.74495301e-04  3.13479624e-01 
 3.75495301e-04  2.75447947e-01  3.75495301e-04  3.13479624e-01 
 3.76495301e-04  2.75447947e-01  3.76495301e-04  3.13479624e-01 
 3.77495301e-04  2.75447947e-01  3.77495301e-04  3.13479624e-01 
 3.78495301e-04  2.75447947e-01  3.78495301e-04  3.13479624e-01 
 3.79495301e-04  2.75447947e-01  3.79495301e-04  3.13479624e-01 
 3.80495301e-04  2.75447947e-01  3.80495301e-04  3.13479624e-01 
 3.81495301e-04  2.75447947e-01  3.81495301e-04  3.13479624e-01 
 3.82495301e-04  2.75447947e-01  3.82495301e-04  3.13479624e-01 
 3.83495301e-04  2.75447947e-01  3.83495301e-04  3.13479624e-01 
 3.84495301e-04  2.75447947e-01  3.84495301e-04  3.13479624e-01 
 3.85495301e-04  2.75447947e-01  3.85495301e-04  3.13479624e-01 
 3.86495301e-04  2.75447947e-01  3.86495301e-04  3.13479624e-01 
 3.87495301e-04  2.75447947e-01  3.87495301e-04  3.13479624e-01 
 3.88495301e-04  2.75447947e-01  3.88495301e-04  3.13479624e-01 
 3.89495301e-04  2.75447947e-01  3.89495301e-04  3.13479624e-01 
 3.90495301e-04  2.75447947e-01  3.90495301e-04  3.13479624e-01 
 3.91495301e-04  2.75447947e-01  3.91495301e-04  3.13479624e-01 
 3.92495301e-04  2.75447947e-01  3.92495301e-04  3.13479624e-01 
 3.93495301e-04  2.75447947e-01  3.93495301e-04  3.13479624e-01 
 3.94495301e-04  2.75447947e-01  3.94495301e-04  3.13479624e-01 
 3.95495301e-04  2.75447947e-01  3.95495301e-04  3.13479624e-01 
 3.96495301e-04  2.75447947e-01  3.96495301e-04  3.13479624e-01 
 3.97495301e-04  2.75447947e-01  3.97495301e-04  3.13479624e-01 
 3.98495301e-04  2.75447947e-01  3.98495301e-04  3.13479624e-01 
 3.99495301e-04  2.75447947e-01  3.99495301e-04  3.13479624e-01 
 4.00495301e-04  2.75447947e-01  4.00495301e-04  3.13479624e-01 
 4.01000000e-04  2.75447947e-01  4.01000000e-04  3.13479624e-01 
