 1.00000000e+00 -2.88772963e+01 
 1.01000000e+00 -2.88733530e+01 
 1.02000000e+00 -2.88681242e+01 
 1.03000000e+00 -2.88611588e+01 
 1.04000000e+00 -2.88518496e+01 
 1.05000000e+00 -2.88393813e+01 
 1.06000000e+00 -2.88226620e+01 
 1.07000000e+00 -2.88002359e+01 
 1.08000000e+00 -2.87701710e+01 
 1.09000000e+00 -2.87299213e+01 
 1.10000000e+00 -2.86761573e+01 
 1.11000000e+00 -2.86045688e+01 
 1.12000000e+00 -2.85096452e+01 
 1.13000000e+00 -2.83844579e+01 
 1.14000000e+00 -2.82204812e+01 
 1.15000000e+00 -2.80075179e+01 
 1.16000000e+00 -2.77338244e+01 
 1.17000000e+00 -2.73865477e+01 
 1.18000000e+00 -2.69525926e+01 
 1.19000000e+00 -2.64199710e+01 
 1.20000000e+00 -2.57795726e+01 
 1.21000000e+00 -2.50271005e+01 
 1.22000000e+00 -2.41647391e+01 
 1.23000000e+00 -2.32020419e+01 
 1.24000000e+00 -2.21556513e+01 
 1.25000000e+00 -2.10477850e+01 
 1.26000000e+00 -1.99038024e+01 
 1.27000000e+00 -1.87494375e+01 
 1.28000000e+00 -1.76083142e+01 
 1.29000000e+00 -1.65001780e+01 
 1.30000000e+00 -1.54400046e+01 
 1.31000000e+00 -1.44378994e+01 
 1.32000000e+00 -1.34995626e+01 
 1.33000000e+00 -1.26270673e+01 
 1.34000000e+00 -1.18197356e+01 
 1.35000000e+00 -1.10749665e+01 
 1.36000000e+00 -1.03889381e+01 
 1.37000000e+00 -9.75715825e+00 
 1.38000000e+00 -9.17486703e+00 
 1.39000000e+00 -8.63731291e+00 
 1.40000000e+00 -8.13992798e+00 
 1.41000000e+00 -7.67842873e+00 
 1.42000000e+00 -7.24886263e+00 
 1.43000000e+00 -6.84761837e+00 
 1.44000000e+00 -6.47141169e+00 
 1.45000000e+00 -6.11725528e+00 
 1.46000000e+00 -5.78241779e+00 
 1.47000000e+00 -5.46437418e+00 
 1.48000000e+00 -5.16074669e+00 
 1.49000000e+00 -4.86923346e+00 
 1.50000000e+00 -4.58751636e+00 
 1.51000000e+00 -4.31313344e+00 
 1.52000000e+00 -4.04328713e+00 
 1.53000000e+00 -3.77452670e+00 
 1.54000000e+00 -3.50216711e+00 
 1.55000000e+00 -3.21905412e+00 
 1.56000000e+00 -2.91260386e+00 
 1.57000000e+00 -2.55715731e+00 
 1.58000000e+00 -2.06196628e+00 
 1.59000000e+00  3.69568445e-01 
 1.60000000e+00  1.46865239e+00 
 1.61000000e+00  1.53184756e+00 
 1.62000000e+00  1.55639292e+00 
 1.63000000e+00  1.57104322e+00 
 1.64000000e+00  1.57827267e+00 
 1.65000000e+00  1.58139122e+00 
 1.66000000e+00  1.58294666e+00 
 1.67000000e+00  1.58392070e+00 
 1.68000000e+00  1.58460973e+00 
 1.69000000e+00  1.58513674e+00 
 1.70000000e+00  1.58556273e+00 
 1.71000000e+00  1.58592062e+00 
 1.72000000e+00  1.58622976e+00 
 1.73000000e+00  1.58650229e+00 
 1.74000000e+00  1.58674626e+00 
 1.75000000e+00  1.58696726e+00 
 1.76000000e+00  1.58716935e+00 
 1.77000000e+00  1.58735555e+00 
 1.78000000e+00  1.58752820e+00 
 1.79000000e+00  1.58768912e+00 
 1.80000000e+00  1.58783981e+00 
 1.81000000e+00  1.58798145e+00 
 1.82000000e+00  1.58811507e+00 
 1.83000000e+00  1.58824148e+00 
 1.84000000e+00  1.58836142e+00 
 1.85000000e+00  1.58847548e+00 
 1.86000000e+00  1.58858420e+00 
 1.87000000e+00  1.58868804e+00 
 1.88000000e+00  1.58878739e+00 
 1.89000000e+00  1.58888262e+00 
 1.90000000e+00  1.58897404e+00 
 1.91000000e+00  1.58906193e+00 
 1.92000000e+00  1.58914654e+00 
 1.93000000e+00  1.58922810e+00 
 1.94000000e+00  1.58930682e+00 
 1.95000000e+00  1.58938286e+00 
 1.96000000e+00  1.58945641e+00 
 1.97000000e+00  1.58952762e+00 
 1.98000000e+00  1.58959662e+00 
 1.99000000e+00  1.58966354e+00 
 2.00000000e+00  1.58972850e+00 
 2.01000000e+00  1.58979161e+00 
 2.02000000e+00  1.58985297e+00 
 2.03000000e+00  1.58991266e+00 
 2.04000000e+00  1.58997078e+00 
 2.05000000e+00  1.59002740e+00 
 2.06000000e+00  1.59008259e+00 
 2.07000000e+00  1.59013643e+00 
 2.08000000e+00  1.59018898e+00 
 2.09000000e+00  1.59024029e+00 
 2.10000000e+00  1.59029043e+00 
 2.11000000e+00  1.59033944e+00 
 2.12000000e+00  1.59038737e+00 
 2.13000000e+00  1.59043427e+00 
 2.14000000e+00  1.59048017e+00 
 2.15000000e+00  1.59052513e+00 
 2.16000000e+00  1.59056918e+00 
 2.17000000e+00  1.59061235e+00 
 2.18000000e+00  1.59065467e+00 
 2.19000000e+00  1.59069618e+00 
 2.20000000e+00  1.59073692e+00 
 2.21000000e+00  1.59077689e+00 
 2.22000000e+00  1.59081614e+00 
 2.23000000e+00  1.59085468e+00 
 2.24000000e+00  1.59089255e+00 
 2.25000000e+00  1.59092976e+00 
 2.26000000e+00  1.59096633e+00 
 2.27000000e+00  1.59100228e+00 
 2.28000000e+00  1.59103763e+00 
 2.29000000e+00  1.59107241e+00 
 2.30000000e+00  1.59110661e+00 
 2.31000000e+00  1.59114027e+00 
 2.32000000e+00  1.59117340e+00 
 2.33000000e+00  1.59120601e+00 
 2.34000000e+00  1.59123811e+00 
 2.35000000e+00  1.59126971e+00 
 2.36000000e+00  1.59130083e+00 
 2.37000000e+00  1.59133148e+00 
 2.38000000e+00  1.59136167e+00 
 2.39000000e+00  1.59139140e+00 
 2.40000000e+00  1.59142069e+00 
 2.41000000e+00  1.59144955e+00 
 2.42000000e+00  1.59147798e+00 
 2.43000000e+00  1.59150598e+00 
 2.44000000e+00  1.59153358e+00 
 2.45000000e+00  1.59156076e+00 
 2.46000000e+00  1.59158755e+00 
 2.47000000e+00  1.59161393e+00 
 2.48000000e+00  1.59163993e+00 
 2.49000000e+00  1.59166553e+00 
 2.50000000e+00  1.59169075e+00 
 2.51000000e+00  1.59171559e+00 
 2.52000000e+00  1.59174005e+00 
 2.53000000e+00  1.59176413e+00 
 2.54000000e+00  1.59178785e+00 
 2.55000000e+00  1.59181118e+00 
 2.56000000e+00  1.59183415e+00 
 2.57000000e+00  1.59185675e+00 
 2.58000000e+00  1.59187897e+00 
 2.59000000e+00  1.59190083e+00 
 2.60000000e+00  1.59192232e+00 
 2.61000000e+00  1.59194344e+00 
 2.62000000e+00  1.59196419e+00 
 2.63000000e+00  1.59198457e+00 
 2.64000000e+00  1.59200457e+00 
 2.65000000e+00  1.59202420e+00 
 2.66000000e+00  1.59204346e+00 
 2.67000000e+00  1.59206234e+00 
 2.68000000e+00  1.59208084e+00 
 2.69000000e+00  1.59209895e+00 
 2.70000000e+00  1.59211668e+00 
 2.71000000e+00  1.59213402e+00 
 2.72000000e+00  1.59215097e+00 
 2.73000000e+00  1.59216753e+00 
 2.74000000e+00  1.59218368e+00 
 2.75000000e+00  1.59219944e+00 
 2.76000000e+00  1.59221478e+00 
 2.77000000e+00  1.59222972e+00 
 2.78000000e+00  1.59224424e+00 
 2.79000000e+00  1.59225834e+00 
 2.80000000e+00  1.59227202e+00 
 2.81000000e+00  1.59228527e+00 
 2.82000000e+00  1.59229809e+00 
 2.83000000e+00  1.59231047e+00 
 2.84000000e+00  1.59232240e+00 
 2.85000000e+00  1.59233389e+00 
 2.86000000e+00  1.59234492e+00 
 2.87000000e+00  1.59235549e+00 
 2.88000000e+00  1.59236559e+00 
 2.89000000e+00  1.59237523e+00 
 2.90000000e+00  1.59238439e+00 
 2.91000000e+00  1.59239307e+00 
 2.92000000e+00  1.59240126e+00 
 2.93000000e+00  1.59240895e+00 
 2.94000000e+00  1.59241615e+00 
 2.95000000e+00  1.59242284e+00 
 2.96000000e+00  1.59242902e+00 
 2.97000000e+00  1.59243468e+00 
 2.98000000e+00  1.59243982e+00 
 2.99000000e+00  1.59244443e+00 
 3.00000000e+00  1.59244851e+00 
