 1.62000000e+00  5.80962444e-02 
 1.63000000e+00  5.80962444e-02 
 1.64000000e+00  5.80962444e-02 
 1.65000000e+00  5.80962444e-02 
 1.66000000e+00  5.80962444e-02 
 1.67000000e+00  5.80962444e-02 
 1.68000000e+00  5.80962444e-02 
 1.69000000e+00  5.80962444e-02 
 1.70000000e+00  5.80962444e-02 
 1.71000000e+00  5.80962444e-02 
 1.72000000e+00  5.80962444e-02 
 1.73000000e+00  5.80962444e-02 
 1.74000000e+00  5.80962444e-02 
 1.75000000e+00  5.80962444e-02 
 1.76000000e+00  5.80962444e-02 
 1.77000000e+00  5.80962444e-02 
 1.78000000e+00  5.80962444e-02 
 1.79000000e+00  5.80962444e-02 
 1.80000000e+00  5.80962444e-02 
 1.81000000e+00  5.80962444e-02 
 1.82000000e+00  5.80962444e-02 
 1.83000000e+00  5.80962444e-02 
 1.84000000e+00  5.80962444e-02 
 1.85000000e+00  5.80962444e-02 
 1.86000000e+00  5.80962444e-02 
 1.87000000e+00  5.80962444e-02 
 1.88000000e+00  5.80962444e-02 
 1.89000000e+00  5.80962444e-02 
 1.90000000e+00  5.80962444e-02 
 1.91000000e+00  5.80962444e-02 
 1.92000000e+00  5.80962444e-02 
 1.93000000e+00  5.80962444e-02 
 1.94000000e+00  5.80962444e-02 
 1.95000000e+00  5.80962444e-02 
 1.96000000e+00  5.80962444e-02 
 1.97000000e+00  5.80962444e-02 
 1.98000000e+00  5.80962444e-02 
