 1.00000000e+00 -1.99464230e+02 
 1.01000000e+00 -1.99326404e+02 
 1.02000000e+00 -1.99140633e+02 
 1.03000000e+00 -1.98890573e+02 
 1.04000000e+00 -1.98554579e+02 
 1.05000000e+00 -1.98104197e+02 
 1.06000000e+00 -1.97502397e+02 
 1.07000000e+00 -1.96701627e+02 
 1.08000000e+00 -1.95641901e+02 
 1.09000000e+00 -1.94249318e+02 
 1.10000000e+00 -1.92435621e+02 
 1.11000000e+00 -1.90099674e+02 
 1.12000000e+00 -1.87131925e+02 
 1.13000000e+00 -1.83422774e+02 
 1.14000000e+00 -1.78875079e+02 
 1.15000000e+00 -1.73419715e+02 
 1.16000000e+00 -1.67031383e+02 
 1.17000000e+00 -1.59740711e+02 
 1.18000000e+00 -1.51638777e+02 
 1.19000000e+00 -1.42871992e+02 
 1.20000000e+00 -1.33628222e+02 
 1.21000000e+00 -1.24117423e+02 
 1.22000000e+00 -1.14551290e+02 
 1.23000000e+00 -1.05125687e+02 
 1.24000000e+00 -9.60081754e+01 
 1.25000000e+00 -8.73311838e+01 
 1.26000000e+00 -7.91901638e+01 
 1.27000000e+00 -7.16454610e+01 
 1.28000000e+00 -6.47265489e+01 
 1.29000000e+00 -5.84374272e+01 
 1.30000000e+00 -5.27623351e+01 
 1.31000000e+00 -4.76711765e+01 
 1.32000000e+00 -4.31243370e+01 
 1.33000000e+00 -3.90767131e+01 
 1.34000000e+00 -3.54787872e+01 
 1.35000000e+00 -3.22897871e+01 
 1.36000000e+00 -2.94577931e+01 
 1.37000000e+00 -2.69427687e+01 
 1.38000000e+00 -2.47058822e+01 
 1.39000000e+00 -2.27123499e+01 
 1.40000000e+00 -2.09312906e+01 
 1.41000000e+00 -1.93355897e+01 
 1.42000000e+00 -1.79016223e+01 
 1.43000000e+00 -1.66089270e+01 
 1.44000000e+00 -1.54398574e+01 
 1.45000000e+00 -1.43792419e+01 
 1.46000000e+00 -1.34140633e+01 
 1.47000000e+00 -1.25331662e+01 
 1.48000000e+00 -1.17269964e+01 
 1.49000000e+00 -1.09873694e+01 
 1.50000000e+00 -1.03072678e+01 
 1.51000000e+00 -9.68066310e+00 
 1.52000000e+00 -9.10235917e+00 
 1.53000000e+00 -8.56785499e+00 
 1.54000000e+00 -8.07322360e+00 
 1.55000000e+00 -7.61500671e+00 
 1.56000000e+00 -7.19012337e+00 
 1.57000000e+00 -6.79579257e+00 
 1.58000000e+00 -6.42946911e+00 
 1.59000000e+00 -6.08879177e+00 
 1.60000000e+00 -5.77154349e+00 
 1.61000000e+00 -5.47562097e+00 
 1.62000000e+00 -5.19901233e+00 
 1.63000000e+00 -4.93978029e+00 
 1.64000000e+00 -4.69604809e+00 
 1.65000000e+00 -4.46598574e+00 
 1.66000000e+00 -4.24779332e+00 
 1.67000000e+00 -4.03967805e+00 
 1.68000000e+00 -3.83982110e+00 
 1.69000000e+00 -3.64631188e+00 
 1.70000000e+00 -3.45713441e+00 
 1.71000000e+00 -3.26992405e+00 
 1.72000000e+00 -3.08182750e+00 
 1.73000000e+00 -2.88908960e+00 
 1.74000000e+00 -2.68623876e+00 
 1.75000000e+00 -2.46422835e+00 
 1.76000000e+00 -2.20533204e+00 
 1.77000000e+00 -1.85826131e+00 
 1.78000000e+00 -1.10553012e+00 
 1.79000000e+00  1.34950229e+00 
 1.80000000e+00  1.52952131e+00 
 1.81000000e+00  1.56345070e+00 
 1.82000000e+00  1.57233974e+00 
 1.83000000e+00  1.57571714e+00 
 1.84000000e+00  1.57750048e+00 
 1.85000000e+00  1.57863206e+00 
 1.86000000e+00  1.57944718e+00 
 1.87000000e+00  1.58007827e+00 
 1.88000000e+00  1.58059190e+00 
 1.89000000e+00  1.58102497e+00 
 1.90000000e+00  1.58139966e+00 
 1.91000000e+00  1.58173017e+00 
 1.92000000e+00  1.58202609e+00 
 1.93000000e+00  1.58229416e+00 
 1.94000000e+00  1.58253933e+00 
 1.95000000e+00  1.58276530e+00 
 1.96000000e+00  1.58297493e+00 
 1.97000000e+00  1.58317047e+00 
 1.98000000e+00  1.58335373e+00 
 1.99000000e+00  1.58352618e+00 
 2.00000000e+00  1.58368905e+00 
 2.01000000e+00  1.58384335e+00 
 2.02000000e+00  1.58398994e+00 
 2.03000000e+00  1.58412955e+00 
 2.04000000e+00  1.58426283e+00 
 2.05000000e+00  1.58439033e+00 
 2.06000000e+00  1.58451252e+00 
 2.07000000e+00  1.58462982e+00 
 2.08000000e+00  1.58474261e+00 
 2.09000000e+00  1.58485123e+00 
 2.10000000e+00  1.58495597e+00 
 2.11000000e+00  1.58505709e+00 
 2.12000000e+00  1.58515483e+00 
 2.13000000e+00  1.58524942e+00 
 2.14000000e+00  1.58534104e+00 
 2.15000000e+00  1.58542989e+00 
 2.16000000e+00  1.58551611e+00 
 2.17000000e+00  1.58559985e+00 
 2.18000000e+00  1.58568127e+00 
 2.19000000e+00  1.58576047e+00 
 2.20000000e+00  1.58583758e+00 
 2.21000000e+00  1.58591270e+00 
 2.22000000e+00  1.58598594e+00 
 2.23000000e+00  1.58605737e+00 
 2.24000000e+00  1.58612710e+00 
 2.25000000e+00  1.58619519e+00 
 2.26000000e+00  1.58626172e+00 
 2.27000000e+00  1.58632676e+00 
 2.28000000e+00  1.58639038e+00 
 2.29000000e+00  1.58645262e+00 
 2.30000000e+00  1.58651355e+00 
 2.31000000e+00  1.58657322e+00 
 2.32000000e+00  1.58663168e+00 
 2.33000000e+00  1.58668897e+00 
 2.34000000e+00  1.58674514e+00 
 2.35000000e+00  1.58680023e+00 
 2.36000000e+00  1.58685427e+00 
 2.37000000e+00  1.58690730e+00 
 2.38000000e+00  1.58695935e+00 
 2.39000000e+00  1.58701046e+00 
 2.40000000e+00  1.58706065e+00 
 2.41000000e+00  1.58710995e+00 
 2.42000000e+00  1.58715839e+00 
 2.43000000e+00  1.58720599e+00 
 2.44000000e+00  1.58725278e+00 
 2.45000000e+00  1.58729877e+00 
 2.46000000e+00  1.58734398e+00 
 2.47000000e+00  1.58738844e+00 
 2.48000000e+00  1.58743216e+00 
 2.49000000e+00  1.58747516e+00 
 2.50000000e+00  1.58751745e+00 
 2.51000000e+00  1.58755905e+00 
 2.52000000e+00  1.58759997e+00 
 2.53000000e+00  1.58764023e+00 
 2.54000000e+00  1.58767983e+00 
 2.55000000e+00  1.58771878e+00 
 2.56000000e+00  1.58775710e+00 
 2.57000000e+00  1.58779479e+00 
 2.58000000e+00  1.58783187e+00 
 2.59000000e+00  1.58786833e+00 
 2.60000000e+00  1.58790419e+00 
 2.61000000e+00  1.58793945e+00 
 2.62000000e+00  1.58797412e+00 
 2.63000000e+00  1.58800820e+00 
 2.64000000e+00  1.58804170e+00 
 2.65000000e+00  1.58807462e+00 
 2.66000000e+00  1.58810696e+00 
 2.67000000e+00  1.58813873e+00 
 2.68000000e+00  1.58816992e+00 
 2.69000000e+00  1.58820054e+00 
 2.70000000e+00  1.58823059e+00 
 2.71000000e+00  1.58826007e+00 
 2.72000000e+00  1.58828899e+00 
 2.73000000e+00  1.58831733e+00 
 2.74000000e+00  1.58834509e+00 
 2.75000000e+00  1.58837229e+00 
 2.76000000e+00  1.58839891e+00 
 2.77000000e+00  1.58842495e+00 
 2.78000000e+00  1.58845041e+00 
 2.79000000e+00  1.58847530e+00 
 2.80000000e+00  1.58849959e+00 
 2.81000000e+00  1.58852330e+00 
 2.82000000e+00  1.58854641e+00 
 2.83000000e+00  1.58856893e+00 
 2.84000000e+00  1.58859084e+00 
 2.85000000e+00  1.58861215e+00 
 2.86000000e+00  1.58863284e+00 
 2.87000000e+00  1.58865292e+00 
 2.88000000e+00  1.58867238e+00 
 2.89000000e+00  1.58869121e+00 
 2.90000000e+00  1.58870940e+00 
 2.91000000e+00  1.58872696e+00 
 2.92000000e+00  1.58874386e+00 
 2.93000000e+00  1.58876012e+00 
 2.94000000e+00  1.58877571e+00 
 2.95000000e+00  1.58879064e+00 
 2.96000000e+00  1.58880489e+00 
 2.97000000e+00  1.58881847e+00 
 2.98000000e+00  1.58883135e+00 
 2.99000000e+00  1.58884354e+00 
 3.00000000e+00  1.58885502e+00 
