 0.00000000e+00  5.39481407e-03  0.00000000e+00  2.24185087e-02 
 1.00000000e-08  5.39481407e-03  1.00000000e-08  2.24185087e-02 
 2.00000000e-08  5.39481407e-03  2.00000000e-08  2.24185087e-02 
 4.00000000e-08  5.39481407e-03  4.00000000e-08  2.24185087e-02 
 8.00000000e-08  5.39481407e-03  8.00000000e-08  2.24185087e-02 
 1.60000000e-07  5.39481407e-03  1.60000000e-07  2.24185087e-02 
 3.20000000e-07  5.39481407e-03  3.20000000e-07  2.24185087e-02 
 6.40000000e-07  5.39481407e-03  6.40000000e-07  2.24185087e-02 
 1.00000000e-06  5.39481407e-03  1.00000000e-06  2.24185087e-02 
 1.00000010e-06  5.39481407e-03  1.00000010e-06  2.24185087e-02 
 1.00000030e-06  5.39481407e-03  1.00000030e-06  2.24185087e-02 
 1.00000070e-06  5.39481407e-03  1.00000070e-06  2.24185087e-02 
 1.00000100e-06  5.39481407e-03  1.00000100e-06  2.24185087e-02 
 1.00000108e-06  5.39481407e-03  1.00000108e-06  2.24185087e-02 
 1.00000124e-06  5.39481407e-03  1.00000124e-06  2.24185087e-02 
 1.00000156e-06  5.39481407e-03  1.00000156e-06  2.24185087e-02 
 1.00000220e-06  5.39481407e-03  1.00000220e-06  2.24185087e-02 
 1.00000348e-06  5.39481407e-03  1.00000348e-06  2.24185087e-02 
 1.00000604e-06  5.39481407e-03  1.00000604e-06  2.24185087e-02 
 1.00001116e-06  5.39481407e-03  1.00001116e-06  2.24185087e-02 
 1.00002140e-06  5.39481407e-03  1.00002140e-06  2.24185087e-02 
 1.00004188e-06  5.39481407e-03  1.00004188e-06  2.24185087e-02 
 1.00008284e-06  5.39481407e-03  1.00008284e-06  2.24185087e-02 
 1.00016476e-06  5.39481407e-03  1.00016476e-06  2.24185087e-02 
 1.00032860e-06  5.39481407e-03  1.00032860e-06  2.24185087e-02 
 1.00065628e-06  5.39481407e-03  1.00065628e-06  2.24185087e-02 
 1.00131164e-06  5.39481407e-03  1.00131164e-06  2.24185087e-02 
 1.00262236e-06  5.39481407e-03  1.00262236e-06  2.24185087e-02 
 1.00524380e-06  5.39481407e-03  1.00524380e-06  2.24185087e-02 
 1.00916361e-06  5.39481407e-03  1.00916361e-06  2.24185087e-02 
 1.01314705e-06  5.39481407e-03  1.01314705e-06  2.24185087e-02 
 1.01917586e-06  5.39481407e-03  1.01917586e-06  2.24185087e-02 
 1.02570901e-06  5.39481407e-03  1.02570901e-06  2.24185087e-02 
 1.03324772e-06  5.39481407e-03  1.03324772e-06  2.24185087e-02 
 1.04559182e-06  5.39481407e-03  1.04559182e-06  2.24185087e-02 
 1.06416520e-06  5.39481407e-03  1.06416520e-06  2.24185087e-02 
 1.08233927e-06  5.39481407e-03  1.08233927e-06  2.24185087e-02 
 1.11084909e-06  5.39481407e-03  1.11084909e-06  2.24185087e-02 
 1.15962610e-06  5.39481407e-03  1.15962610e-06  2.24185087e-02 
 1.21389720e-06  5.39481407e-03  1.21389720e-06  2.24185087e-02 
 1.27136992e-06  5.39481407e-03  1.27136992e-06  2.24185087e-02 
 1.37296161e-06  5.39481407e-03  1.37296161e-06  2.24185087e-02 
 1.46560960e-06  5.39481407e-03  1.46560960e-06  2.24185087e-02 
 1.61105247e-06  5.39481407e-03  1.61105247e-06  2.24185087e-02 
 1.80072938e-06  5.39481407e-03  1.80072938e-06  2.24185087e-02 
 2.06287469e-06  5.39481407e-03  2.06287469e-06  2.24185087e-02 
 2.47162086e-06  5.39481407e-03  2.47162086e-06  2.24185087e-02 
 3.05283655e-06  5.39481407e-03  3.05283655e-06  2.24185087e-02 
 4.05283655e-06  5.39481407e-03  4.05283655e-06  2.24185087e-02 
 5.05283655e-06  5.39481407e-03  5.05283655e-06  2.24185087e-02 
 6.05283655e-06  5.39481407e-03  6.05283655e-06  2.24185087e-02 
 7.05283655e-06  5.39481407e-03  7.05283655e-06  2.24185087e-02 
 8.05283655e-06  5.39481407e-03  8.05283655e-06  2.24185087e-02 
 9.05283655e-06  5.39481407e-03  9.05283655e-06  2.24185087e-02 
 1.00528366e-05  5.39481407e-03  1.00528366e-05  2.24185087e-02 
 1.10528366e-05  5.39481407e-03  1.10528366e-05  2.24185087e-02 
 1.20528366e-05  5.39481407e-03  1.20528366e-05  2.24185087e-02 
 1.30528366e-05  5.39481407e-03  1.30528366e-05  2.24185087e-02 
 1.40528366e-05  5.39481407e-03  1.40528366e-05  2.24185087e-02 
 1.50528366e-05  5.39481407e-03  1.50528366e-05  2.24185087e-02 
 1.60528366e-05  5.39481407e-03  1.60528366e-05  2.24185087e-02 
 1.70528366e-05  5.39481407e-03  1.70528366e-05  2.24185087e-02 
 1.80528366e-05  5.39481407e-03  1.80528366e-05  2.24185087e-02 
 1.90528366e-05  5.39481407e-03  1.90528366e-05  2.24185087e-02 
 2.00528366e-05  5.39481407e-03  2.00528366e-05  2.24185087e-02 
 2.10528366e-05  5.39481407e-03  2.10528366e-05  2.24185087e-02 
 2.20528366e-05  5.39481407e-03  2.20528366e-05  2.24185087e-02 
 2.30528366e-05  5.39481407e-03  2.30528366e-05  2.24185087e-02 
 2.40528366e-05  5.39481407e-03  2.40528366e-05  2.24185087e-02 
 2.50528366e-05  5.39481407e-03  2.50528366e-05  2.24185087e-02 
 2.60528366e-05  5.39481407e-03  2.60528366e-05  2.24185087e-02 
 2.70528366e-05  5.39481407e-03  2.70528366e-05  2.24185087e-02 
 2.80528366e-05  5.39481407e-03  2.80528366e-05  2.24185087e-02 
 2.90528366e-05  5.39481407e-03  2.90528366e-05  2.24185087e-02 
 3.00528366e-05  5.39481407e-03  3.00528366e-05  2.24185087e-02 
 3.10528366e-05  5.39481407e-03  3.10528366e-05  2.24185087e-02 
 3.20528366e-05  5.39481407e-03  3.20528366e-05  2.24185087e-02 
 3.30528366e-05  5.39481407e-03  3.30528366e-05  2.24185087e-02 
 3.40528366e-05  5.39481407e-03  3.40528366e-05  2.24185087e-02 
 3.50528366e-05  5.39481407e-03  3.50528366e-05  2.24185087e-02 
 3.60528366e-05  5.39481407e-03  3.60528366e-05  2.24185087e-02 
 3.70528366e-05  5.39481407e-03  3.70528366e-05  2.24185087e-02 
 3.80528366e-05  5.39481407e-03  3.80528366e-05  2.24185087e-02 
 3.90528366e-05  5.39481407e-03  3.90528366e-05  2.24185087e-02 
 4.00528366e-05  5.39481407e-03  4.00528366e-05  2.24185087e-02 
 4.10528366e-05  5.39481407e-03  4.10528366e-05  2.24185087e-02 
 4.20528366e-05  5.39481407e-03  4.20528366e-05  2.24185087e-02 
 4.30528366e-05  5.39481407e-03  4.30528366e-05  2.24185087e-02 
 4.40528366e-05  5.39481407e-03  4.40528366e-05  2.24185087e-02 
 4.50528366e-05  5.39481407e-03  4.50528366e-05  2.24185087e-02 
 4.60528366e-05  5.39481407e-03  4.60528366e-05  2.24185087e-02 
 4.70528366e-05  5.39481407e-03  4.70528366e-05  2.24185087e-02 
 4.80528366e-05  5.39481407e-03  4.80528366e-05  2.24185087e-02 
 4.90528366e-05  5.39481407e-03  4.90528366e-05  2.24185087e-02 
 5.00528366e-05  5.39481407e-03  5.00528366e-05  2.24185087e-02 
 5.10528366e-05  5.39481407e-03  5.10528366e-05  2.24185087e-02 
 5.20528366e-05  5.39481407e-03  5.20528366e-05  2.24185087e-02 
 5.30528366e-05  5.39481407e-03  5.30528366e-05  2.24185087e-02 
 5.40528366e-05  5.39481407e-03  5.40528366e-05  2.24185087e-02 
 5.50528366e-05  5.39481407e-03  5.50528366e-05  2.24185087e-02 
 5.60528366e-05  5.39481407e-03  5.60528366e-05  2.24185087e-02 
 5.70528366e-05  5.39481407e-03  5.70528366e-05  2.24185087e-02 
 5.80528366e-05  5.39481407e-03  5.80528366e-05  2.24185087e-02 
 5.90528366e-05  5.39481407e-03  5.90528366e-05  2.24185087e-02 
 6.00528366e-05  5.39481407e-03  6.00528366e-05  2.24185087e-02 
 6.10528366e-05  5.39481407e-03  6.10528366e-05  2.24185087e-02 
 6.20528366e-05  5.39481407e-03  6.20528366e-05  2.24185087e-02 
 6.30528366e-05  5.39481407e-03  6.30528366e-05  2.24185087e-02 
 6.40528366e-05  5.39481407e-03  6.40528366e-05  2.24185087e-02 
 6.50528366e-05  5.39481407e-03  6.50528366e-05  2.24185087e-02 
 6.60528366e-05  5.39481407e-03  6.60528366e-05  2.24185087e-02 
 6.70528366e-05  5.39481407e-03  6.70528366e-05  2.24185087e-02 
 6.80528366e-05  5.39481407e-03  6.80528366e-05  2.24185087e-02 
 6.90528366e-05  5.39481407e-03  6.90528366e-05  2.24185087e-02 
 7.00528366e-05  5.39481407e-03  7.00528366e-05  2.24185087e-02 
 7.10528366e-05  5.39481407e-03  7.10528366e-05  2.24185087e-02 
 7.20528366e-05  5.39481407e-03  7.20528366e-05  2.24185087e-02 
 7.30528366e-05  5.39481407e-03  7.30528366e-05  2.24185087e-02 
 7.40528366e-05  5.39481407e-03  7.40528366e-05  2.24185087e-02 
 7.50528366e-05  5.39481407e-03  7.50528366e-05  2.24185087e-02 
 7.60528366e-05  5.39481407e-03  7.60528366e-05  2.24185087e-02 
 7.70528366e-05  5.39481407e-03  7.70528366e-05  2.24185087e-02 
 7.80528366e-05  5.39481407e-03  7.80528366e-05  2.24185087e-02 
 7.90528366e-05  5.39481407e-03  7.90528366e-05  2.24185087e-02 
 8.00528366e-05  5.39481407e-03  8.00528366e-05  2.24185087e-02 
 8.10528366e-05  5.39481407e-03  8.10528366e-05  2.24185087e-02 
 8.20528366e-05  5.39481407e-03  8.20528366e-05  2.24185087e-02 
 8.30528366e-05  5.39481407e-03  8.30528366e-05  2.24185087e-02 
 8.40528366e-05  5.39481407e-03  8.40528366e-05  2.24185087e-02 
 8.50528366e-05  5.39481407e-03  8.50528366e-05  2.24185087e-02 
 8.60528366e-05  5.39481407e-03  8.60528366e-05  2.24185087e-02 
 8.70528366e-05  5.39481407e-03  8.70528366e-05  2.24185087e-02 
 8.80528366e-05  5.39481407e-03  8.80528366e-05  2.24185087e-02 
 8.90528366e-05  5.39481407e-03  8.90528366e-05  2.24185087e-02 
 9.00528366e-05  5.39481407e-03  9.00528366e-05  2.24185087e-02 
 9.10528366e-05  5.39481407e-03  9.10528366e-05  2.24185087e-02 
 9.20528366e-05  5.39481407e-03  9.20528366e-05  2.24185087e-02 
 9.30528366e-05  5.39481407e-03  9.30528366e-05  2.24185087e-02 
 9.40528366e-05  5.39481407e-03  9.40528366e-05  2.24185087e-02 
 9.50528366e-05  5.39481407e-03  9.50528366e-05  2.24185087e-02 
 9.60528366e-05  5.39481407e-03  9.60528366e-05  2.24185087e-02 
 9.70528366e-05  5.39481407e-03  9.70528366e-05  2.24185087e-02 
 9.80528366e-05  5.39481407e-03  9.80528366e-05  2.24185087e-02 
 9.90528366e-05  5.39481407e-03  9.90528366e-05  2.24185087e-02 
 1.00052837e-04  5.39481407e-03  1.00052837e-04  2.24185087e-02 
 1.01052837e-04  5.39481407e-03  1.01052837e-04  2.24185087e-02 
 1.02052837e-04  5.39481407e-03  1.02052837e-04  2.24185087e-02 
 1.03052837e-04  5.39481407e-03  1.03052837e-04  2.24185087e-02 
 1.04052837e-04  5.39481407e-03  1.04052837e-04  2.24185087e-02 
 1.05052837e-04  5.39481407e-03  1.05052837e-04  2.24185087e-02 
 1.06052837e-04  5.39481407e-03  1.06052837e-04  2.24185087e-02 
 1.07052837e-04  5.39481407e-03  1.07052837e-04  2.24185087e-02 
 1.08052837e-04  5.39481407e-03  1.08052837e-04  2.24185087e-02 
 1.09052837e-04  5.39481407e-03  1.09052837e-04  2.24185087e-02 
 1.10052837e-04  5.39481407e-03  1.10052837e-04  2.24185087e-02 
 1.11052837e-04  5.39481407e-03  1.11052837e-04  2.24185087e-02 
 1.12052837e-04  5.39481407e-03  1.12052837e-04  2.24185087e-02 
 1.13052837e-04  5.39481407e-03  1.13052837e-04  2.24185087e-02 
 1.14052837e-04  5.39481407e-03  1.14052837e-04  2.24185087e-02 
 1.15052837e-04  5.39481407e-03  1.15052837e-04  2.24185087e-02 
 1.16052837e-04  5.39481407e-03  1.16052837e-04  2.24185087e-02 
 1.17052837e-04  5.39481407e-03  1.17052837e-04  2.24185087e-02 
 1.18052837e-04  5.39481407e-03  1.18052837e-04  2.24185087e-02 
 1.19052837e-04  5.39481407e-03  1.19052837e-04  2.24185087e-02 
 1.20052837e-04  5.39481407e-03  1.20052837e-04  2.24185087e-02 
 1.21052837e-04  5.39481407e-03  1.21052837e-04  2.24185087e-02 
 1.22052837e-04  5.39481407e-03  1.22052837e-04  2.24185087e-02 
 1.23052837e-04  5.39481407e-03  1.23052837e-04  2.24185087e-02 
 1.24052837e-04  5.39481407e-03  1.24052837e-04  2.24185087e-02 
 1.25052837e-04  5.39481407e-03  1.25052837e-04  2.24185087e-02 
 1.26052837e-04  5.39481407e-03  1.26052837e-04  2.24185087e-02 
 1.27052837e-04  5.39481407e-03  1.27052837e-04  2.24185087e-02 
 1.28052837e-04  5.39481407e-03  1.28052837e-04  2.24185087e-02 
 1.29052837e-04  5.39481407e-03  1.29052837e-04  2.24185087e-02 
 1.30052837e-04  5.39481407e-03  1.30052837e-04  2.24185087e-02 
 1.31052837e-04  5.39481407e-03  1.31052837e-04  2.24185087e-02 
 1.32052837e-04  5.39481407e-03  1.32052837e-04  2.24185087e-02 
 1.33052837e-04  5.39481407e-03  1.33052837e-04  2.24185087e-02 
 1.34052837e-04  5.39481407e-03  1.34052837e-04  2.24185087e-02 
 1.35052837e-04  5.39481407e-03  1.35052837e-04  2.24185087e-02 
 1.36052837e-04  5.39481407e-03  1.36052837e-04  2.24185087e-02 
 1.37052837e-04  5.39481407e-03  1.37052837e-04  2.24185087e-02 
 1.38052837e-04  5.39481407e-03  1.38052837e-04  2.24185087e-02 
 1.39052837e-04  5.39481407e-03  1.39052837e-04  2.24185087e-02 
 1.40052837e-04  5.39481407e-03  1.40052837e-04  2.24185087e-02 
 1.41052837e-04  5.39481407e-03  1.41052837e-04  2.24185087e-02 
 1.42052837e-04  5.39481407e-03  1.42052837e-04  2.24185087e-02 
 1.43052837e-04  5.39481407e-03  1.43052837e-04  2.24185087e-02 
 1.44052837e-04  5.39481407e-03  1.44052837e-04  2.24185087e-02 
 1.45052837e-04  5.39481407e-03  1.45052837e-04  2.24185087e-02 
 1.46052837e-04  5.39481407e-03  1.46052837e-04  2.24185087e-02 
 1.47052837e-04  5.39481407e-03  1.47052837e-04  2.24185087e-02 
 1.48052837e-04  5.39481407e-03  1.48052837e-04  2.24185087e-02 
 1.49052837e-04  5.39481407e-03  1.49052837e-04  2.24185087e-02 
 1.50052837e-04  5.39481407e-03  1.50052837e-04  2.24185087e-02 
 1.51052837e-04  5.39481407e-03  1.51052837e-04  2.24185087e-02 
 1.52052837e-04  5.39481407e-03  1.52052837e-04  2.24185087e-02 
 1.53052837e-04  5.39481407e-03  1.53052837e-04  2.24185087e-02 
 1.54052837e-04  5.39481407e-03  1.54052837e-04  2.24185087e-02 
 1.55052837e-04  5.39481407e-03  1.55052837e-04  2.24185087e-02 
 1.56052837e-04  5.39481407e-03  1.56052837e-04  2.24185087e-02 
 1.57052837e-04  5.39481407e-03  1.57052837e-04  2.24185087e-02 
 1.58052837e-04  5.39481407e-03  1.58052837e-04  2.24185087e-02 
 1.59052837e-04  5.39481407e-03  1.59052837e-04  2.24185087e-02 
 1.60052837e-04  5.39481407e-03  1.60052837e-04  2.24185087e-02 
 1.61052837e-04  5.39481407e-03  1.61052837e-04  2.24185087e-02 
 1.62052837e-04  5.39481407e-03  1.62052837e-04  2.24185087e-02 
 1.63052837e-04  5.39481407e-03  1.63052837e-04  2.24185087e-02 
 1.64052837e-04  5.39481407e-03  1.64052837e-04  2.24185087e-02 
 1.65052837e-04  5.39481407e-03  1.65052837e-04  2.24185087e-02 
 1.66052837e-04  5.39481407e-03  1.66052837e-04  2.24185087e-02 
 1.67052837e-04  5.39481407e-03  1.67052837e-04  2.24185087e-02 
 1.68052837e-04  5.39481407e-03  1.68052837e-04  2.24185087e-02 
 1.69052837e-04  5.39481407e-03  1.69052837e-04  2.24185087e-02 
 1.70052837e-04  5.39481407e-03  1.70052837e-04  2.24185087e-02 
 1.71052837e-04  5.39481407e-03  1.71052837e-04  2.24185087e-02 
 1.72052837e-04  5.39481407e-03  1.72052837e-04  2.24185087e-02 
 1.73052837e-04  5.39481407e-03  1.73052837e-04  2.24185087e-02 
 1.74052837e-04  5.39481407e-03  1.74052837e-04  2.24185087e-02 
 1.75052837e-04  5.39481407e-03  1.75052837e-04  2.24185087e-02 
 1.76052837e-04  5.39481407e-03  1.76052837e-04  2.24185087e-02 
 1.77052837e-04  5.39481407e-03  1.77052837e-04  2.24185087e-02 
 1.78052837e-04  5.39481407e-03  1.78052837e-04  2.24185087e-02 
 1.79052837e-04  5.39481407e-03  1.79052837e-04  2.24185087e-02 
 1.80052837e-04  5.39481407e-03  1.80052837e-04  2.24185087e-02 
 1.81052837e-04  5.39481407e-03  1.81052837e-04  2.24185087e-02 
 1.82052837e-04  5.39481407e-03  1.82052837e-04  2.24185087e-02 
 1.83052837e-04  5.39481407e-03  1.83052837e-04  2.24185087e-02 
 1.84052837e-04  5.39481407e-03  1.84052837e-04  2.24185087e-02 
 1.85052837e-04  5.39481407e-03  1.85052837e-04  2.24185087e-02 
 1.86052837e-04  5.39481407e-03  1.86052837e-04  2.24185087e-02 
 1.87052837e-04  5.39481407e-03  1.87052837e-04  2.24185087e-02 
 1.88052837e-04  5.39481407e-03  1.88052837e-04  2.24185087e-02 
 1.89052837e-04  5.39481407e-03  1.89052837e-04  2.24185087e-02 
 1.90052837e-04  5.39481407e-03  1.90052837e-04  2.24185087e-02 
 1.91052837e-04  5.39481407e-03  1.91052837e-04  2.24185087e-02 
 1.92052837e-04  5.39481407e-03  1.92052837e-04  2.24185087e-02 
 1.93052837e-04  5.39481407e-03  1.93052837e-04  2.24185087e-02 
 1.94052837e-04  5.39481407e-03  1.94052837e-04  2.24185087e-02 
 1.95052837e-04  5.39481407e-03  1.95052837e-04  2.24185087e-02 
 1.96052837e-04  5.39481407e-03  1.96052837e-04  2.24185087e-02 
 1.97052837e-04  5.39481407e-03  1.97052837e-04  2.24185087e-02 
 1.98052837e-04  5.39481407e-03  1.98052837e-04  2.24185087e-02 
 1.99052837e-04  5.39481407e-03  1.99052837e-04  2.24185087e-02 
 2.00052837e-04  5.39481407e-03  2.00052837e-04  2.24185087e-02 
 2.01000001e-04  5.39481407e-03  2.01000001e-04  2.24185087e-02 
 2.01000001e-04  5.39481407e-03  2.01000001e-04  2.24185087e-02 
 2.01000001e-04  5.39481407e-03  2.01000001e-04  2.24185087e-02 
 2.01000002e-04  5.39481407e-03  2.01000002e-04  2.24185087e-02 
 2.01000002e-04  5.39481407e-03  2.01000002e-04  2.24185087e-02 
 2.01000002e-04  5.39481407e-03  2.01000002e-04  2.24185087e-02 
 2.01000002e-04  5.39481407e-03  2.01000002e-04  2.24185087e-02 
 2.01000003e-04  5.39481407e-03  2.01000003e-04  2.24185087e-02 
 2.01000003e-04  5.39481407e-03  2.01000003e-04  2.24185087e-02 
 2.01000004e-04  5.39481407e-03  2.01000004e-04  2.24185087e-02 
 2.01000007e-04  5.39481407e-03  2.01000007e-04  2.24185087e-02 
 2.01000012e-04  5.39481407e-03  2.01000012e-04  2.24185087e-02 
 2.01000022e-04  5.39481407e-03  2.01000022e-04  2.24185087e-02 
 2.01000043e-04  5.39481407e-03  2.01000043e-04  2.24185087e-02 
 2.01000084e-04  5.39481407e-03  2.01000084e-04  2.24185087e-02 
 2.01000166e-04  5.39481407e-03  2.01000166e-04  2.24185087e-02 
 2.01000330e-04  5.39481407e-03  2.01000330e-04  2.24185087e-02 
 2.01000657e-04  5.39481407e-03  2.01000657e-04  2.24185087e-02 
 2.01001313e-04  5.39481407e-03  2.01001313e-04  2.24185087e-02 
 2.01002623e-04  5.39481407e-03  2.01002623e-04  2.24185087e-02 
 2.01005245e-04  5.39481407e-03  2.01005245e-04  2.24185087e-02 
 2.01007811e-04  5.39481407e-03  2.01007811e-04  2.24185087e-02 
 2.01010882e-04  5.39481407e-03  2.01010882e-04  2.24185087e-02 
 2.01014769e-04  5.39481407e-03  2.01014769e-04  2.24185087e-02 
 2.01019208e-04  5.39481407e-03  2.01019208e-04  2.24185087e-02 
 2.01028086e-04  5.39481407e-03  2.01028086e-04  2.24185087e-02 
 2.01037313e-04  5.39481407e-03  2.01037313e-04  2.24185087e-02 
 2.01048290e-04  5.39481407e-03  2.01048290e-04  2.24185087e-02 
 2.01059038e-04  5.39481407e-03  2.01059038e-04  2.24185087e-02 
 2.01080536e-04  5.39481407e-03  2.01080536e-04  2.24185087e-02 
 2.01116693e-04  5.39481407e-03  2.01116693e-04  2.24185087e-02 
 2.01155070e-04  5.39481407e-03  2.01155070e-04  2.24185087e-02 
 2.01220478e-04  5.39481407e-03  2.01220478e-04  2.24185087e-02 
 2.01344290e-04  5.39481407e-03  2.01344290e-04  2.24185087e-02 
 2.01591912e-04  5.39481407e-03  2.01591912e-04  2.24185087e-02 
 2.02014408e-04  5.39481407e-03  2.02014408e-04  2.24185087e-02 
 2.02807769e-04  5.39481407e-03  2.02807769e-04  2.24185087e-02 
 2.03807769e-04  5.39481407e-03  2.03807769e-04  2.24185087e-02 
 2.04807769e-04  5.39481407e-03  2.04807769e-04  2.24185087e-02 
 2.05807769e-04  5.39481407e-03  2.05807769e-04  2.24185087e-02 
 2.06807769e-04  5.39481407e-03  2.06807769e-04  2.24185087e-02 
 2.07807769e-04  5.39481407e-03  2.07807769e-04  2.24185087e-02 
 2.08807769e-04  5.39481407e-03  2.08807769e-04  2.24185087e-02 
 2.09807769e-04  5.39481407e-03  2.09807769e-04  2.24185087e-02 
 2.10807769e-04  5.39481407e-03  2.10807769e-04  2.24185087e-02 
 2.11807769e-04  5.39481407e-03  2.11807769e-04  2.24185087e-02 
 2.12443869e-04  5.39481407e-03  2.12443869e-04  2.24185087e-02 
 2.13023395e-04  5.39481407e-03  2.13023395e-04  2.24185087e-02 
 2.13545908e-04  5.39481407e-03  2.13545908e-04  2.24185087e-02 
 2.14074417e-04  5.39481407e-03  2.14074417e-04  2.24185087e-02 
 2.14557314e-04  5.39481407e-03  2.14557314e-04  2.24185087e-02 
 2.15061972e-04  5.39481407e-03  2.15061972e-04  2.24185087e-02 
 2.15614925e-04  5.39481407e-03  2.15614925e-04  2.24185087e-02 
 2.16277926e-04  5.39481407e-03  2.16277926e-04  2.24185087e-02 
 2.17151822e-04  5.39481407e-03  2.17151822e-04  2.24185087e-02 
 2.18151822e-04  5.39481407e-03  2.18151822e-04  2.24185087e-02 
 2.19151822e-04  5.39481407e-03  2.19151822e-04  2.24185087e-02 
 2.20151822e-04  5.39481407e-03  2.20151822e-04  2.24185087e-02 
 2.21151822e-04  5.39481407e-03  2.21151822e-04  2.24185087e-02 
 2.22151822e-04  5.39481407e-03  2.22151822e-04  2.24185087e-02 
 2.23151822e-04  5.39481407e-03  2.23151822e-04  2.24185087e-02 
 2.24151822e-04  5.39481407e-03  2.24151822e-04  2.24185087e-02 
 2.25151822e-04  5.39481407e-03  2.25151822e-04  2.24185087e-02 
 2.26151822e-04  5.39481407e-03  2.26151822e-04  2.24185087e-02 
 2.27151822e-04  5.39481407e-03  2.27151822e-04  2.24185087e-02 
 2.28151822e-04  5.39481407e-03  2.28151822e-04  2.24185087e-02 
 2.29151822e-04  5.39481407e-03  2.29151822e-04  2.24185087e-02 
 2.30151822e-04  5.39481407e-03  2.30151822e-04  2.24185087e-02 
 2.31151822e-04  5.39481407e-03  2.31151822e-04  2.24185087e-02 
 2.32151822e-04  5.39481407e-03  2.32151822e-04  2.24185087e-02 
 2.33151822e-04  5.39481407e-03  2.33151822e-04  2.24185087e-02 
 2.34151822e-04  5.39481407e-03  2.34151822e-04  2.24185087e-02 
 2.35151822e-04  5.39481407e-03  2.35151822e-04  2.24185087e-02 
 2.36151822e-04  5.39481407e-03  2.36151822e-04  2.24185087e-02 
 2.37151822e-04  5.39481407e-03  2.37151822e-04  2.24185087e-02 
 2.38151822e-04  5.39481407e-03  2.38151822e-04  2.24185087e-02 
 2.39151822e-04  5.39481407e-03  2.39151822e-04  2.24185087e-02 
 2.40151822e-04  5.39481407e-03  2.40151822e-04  2.24185087e-02 
 2.41151822e-04  5.39481407e-03  2.41151822e-04  2.24185087e-02 
 2.42151822e-04  5.39481407e-03  2.42151822e-04  2.24185087e-02 
 2.43151822e-04  5.39481407e-03  2.43151822e-04  2.24185087e-02 
 2.44151822e-04  5.39481407e-03  2.44151822e-04  2.24185087e-02 
 2.45151822e-04  5.39481407e-03  2.45151822e-04  2.24185087e-02 
 2.46151822e-04  5.39481407e-03  2.46151822e-04  2.24185087e-02 
 2.47151822e-04  5.39481407e-03  2.47151822e-04  2.24185087e-02 
 2.48151822e-04  5.39481407e-03  2.48151822e-04  2.24185087e-02 
 2.49151822e-04  5.39481407e-03  2.49151822e-04  2.24185087e-02 
 2.50151822e-04  5.39481407e-03  2.50151822e-04  2.24185087e-02 
 2.51151822e-04  5.39481407e-03  2.51151822e-04  2.24185087e-02 
 2.52151822e-04  5.39481407e-03  2.52151822e-04  2.24185087e-02 
 2.53151822e-04  5.39481407e-03  2.53151822e-04  2.24185087e-02 
 2.54151822e-04  5.39481407e-03  2.54151822e-04  2.24185087e-02 
 2.55151822e-04  5.39481407e-03  2.55151822e-04  2.24185087e-02 
 2.56151822e-04  5.39481407e-03  2.56151822e-04  2.24185087e-02 
 2.57151822e-04  5.39481407e-03  2.57151822e-04  2.24185087e-02 
 2.58151822e-04  5.39481407e-03  2.58151822e-04  2.24185087e-02 
 2.59151822e-04  5.39481407e-03  2.59151822e-04  2.24185087e-02 
 2.60151822e-04  5.39481407e-03  2.60151822e-04  2.24185087e-02 
 2.61151822e-04  5.39481407e-03  2.61151822e-04  2.24185087e-02 
 2.62151822e-04  5.39481407e-03  2.62151822e-04  2.24185087e-02 
 2.63151822e-04  5.39481407e-03  2.63151822e-04  2.24185087e-02 
 2.64151822e-04  5.39481407e-03  2.64151822e-04  2.24185087e-02 
 2.65151822e-04  5.39481407e-03  2.65151822e-04  2.24185087e-02 
 2.66151822e-04  5.39481407e-03  2.66151822e-04  2.24185087e-02 
 2.67151822e-04  5.39481407e-03  2.67151822e-04  2.24185087e-02 
 2.68151822e-04  5.39481407e-03  2.68151822e-04  2.24185087e-02 
 2.69151822e-04  5.39481407e-03  2.69151822e-04  2.24185087e-02 
 2.70151822e-04  5.39481407e-03  2.70151822e-04  2.24185087e-02 
 2.71151822e-04  5.39481407e-03  2.71151822e-04  2.24185087e-02 
 2.72151822e-04  5.39481407e-03  2.72151822e-04  2.24185087e-02 
 2.73151822e-04  5.39481407e-03  2.73151822e-04  2.24185087e-02 
 2.74151822e-04  5.39481407e-03  2.74151822e-04  2.24185087e-02 
 2.75151822e-04  5.39481407e-03  2.75151822e-04  2.24185087e-02 
 2.76151822e-04  5.39481407e-03  2.76151822e-04  2.24185087e-02 
 2.77151822e-04  5.39481407e-03  2.77151822e-04  2.24185087e-02 
 2.78151822e-04  5.39481407e-03  2.78151822e-04  2.24185087e-02 
 2.79151822e-04  5.39481407e-03  2.79151822e-04  2.24185087e-02 
 2.80151822e-04  5.39481407e-03  2.80151822e-04  2.24185087e-02 
 2.81151822e-04  5.39481407e-03  2.81151822e-04  2.24185087e-02 
 2.82151822e-04  5.39481407e-03  2.82151822e-04  2.24185087e-02 
 2.83151822e-04  5.39481407e-03  2.83151822e-04  2.24185087e-02 
 2.84151822e-04  5.39481407e-03  2.84151822e-04  2.24185087e-02 
 2.85151822e-04  5.39481407e-03  2.85151822e-04  2.24185087e-02 
 2.86151822e-04  5.39481407e-03  2.86151822e-04  2.24185087e-02 
 2.87151822e-04  5.39481407e-03  2.87151822e-04  2.24185087e-02 
 2.88151822e-04  5.39481407e-03  2.88151822e-04  2.24185087e-02 
 2.89151822e-04  5.39481407e-03  2.89151822e-04  2.24185087e-02 
 2.90151822e-04  5.39481407e-03  2.90151822e-04  2.24185087e-02 
 2.91151822e-04  5.39481407e-03  2.91151822e-04  2.24185087e-02 
 2.92151822e-04  5.39481407e-03  2.92151822e-04  2.24185087e-02 
 2.93151822e-04  5.39481407e-03  2.93151822e-04  2.24185087e-02 
 2.94151822e-04  5.39481407e-03  2.94151822e-04  2.24185087e-02 
 2.95151822e-04  5.39481407e-03  2.95151822e-04  2.24185087e-02 
 2.96151822e-04  5.39481407e-03  2.96151822e-04  2.24185087e-02 
 2.97151822e-04  5.39481407e-03  2.97151822e-04  2.24185087e-02 
 2.98151822e-04  5.39481407e-03  2.98151822e-04  2.24185087e-02 
 2.99151822e-04  5.39481407e-03  2.99151822e-04  2.24185087e-02 
 3.00151822e-04  5.39481407e-03  3.00151822e-04  2.24185087e-02 
 3.01151822e-04  5.39481407e-03  3.01151822e-04  2.24185087e-02 
 3.02151822e-04  5.39481407e-03  3.02151822e-04  2.24185087e-02 
 3.03151822e-04  5.39481407e-03  3.03151822e-04  2.24185087e-02 
 3.04151822e-04  5.39481407e-03  3.04151822e-04  2.24185087e-02 
 3.05151822e-04  5.39481407e-03  3.05151822e-04  2.24185087e-02 
 3.06151822e-04  5.39481407e-03  3.06151822e-04  2.24185087e-02 
 3.07151822e-04  5.39481407e-03  3.07151822e-04  2.24185087e-02 
 3.08151822e-04  5.39481407e-03  3.08151822e-04  2.24185087e-02 
 3.09151822e-04  5.39481407e-03  3.09151822e-04  2.24185087e-02 
 3.10151822e-04  5.39481407e-03  3.10151822e-04  2.24185087e-02 
 3.11151822e-04  5.39481407e-03  3.11151822e-04  2.24185087e-02 
 3.12151822e-04  5.39481407e-03  3.12151822e-04  2.24185087e-02 
 3.13151822e-04  5.39481407e-03  3.13151822e-04  2.24185087e-02 
 3.14151822e-04  5.39481407e-03  3.14151822e-04  2.24185087e-02 
 3.15151822e-04  5.39481407e-03  3.15151822e-04  2.24185087e-02 
 3.16151822e-04  5.39481407e-03  3.16151822e-04  2.24185087e-02 
 3.17151822e-04  5.39481407e-03  3.17151822e-04  2.24185087e-02 
 3.18151822e-04  5.39481407e-03  3.18151822e-04  2.24185087e-02 
 3.19151822e-04  5.39481407e-03  3.19151822e-04  2.24185087e-02 
 3.20151822e-04  5.39481407e-03  3.20151822e-04  2.24185087e-02 
 3.21151822e-04  5.39481407e-03  3.21151822e-04  2.24185087e-02 
 3.22151822e-04  5.39481407e-03  3.22151822e-04  2.24185087e-02 
 3.23151822e-04  5.39481407e-03  3.23151822e-04  2.24185087e-02 
 3.24151822e-04  5.39481407e-03  3.24151822e-04  2.24185087e-02 
 3.25151822e-04  5.39481407e-03  3.25151822e-04  2.24185087e-02 
 3.26151822e-04  5.39481407e-03  3.26151822e-04  2.24185087e-02 
 3.27151822e-04  5.39481407e-03  3.27151822e-04  2.24185087e-02 
 3.28151822e-04  5.39481407e-03  3.28151822e-04  2.24185087e-02 
 3.29151822e-04  5.39481407e-03  3.29151822e-04  2.24185087e-02 
 3.30151822e-04  5.39481407e-03  3.30151822e-04  2.24185087e-02 
 3.31151822e-04  5.39481407e-03  3.31151822e-04  2.24185087e-02 
 3.32151822e-04  5.39481407e-03  3.32151822e-04  2.24185087e-02 
 3.33151822e-04  5.39481407e-03  3.33151822e-04  2.24185087e-02 
 3.34151822e-04  5.39481407e-03  3.34151822e-04  2.24185087e-02 
 3.35151822e-04  5.39481407e-03  3.35151822e-04  2.24185087e-02 
 3.36151822e-04  5.39481407e-03  3.36151822e-04  2.24185087e-02 
 3.37151822e-04  5.39481407e-03  3.37151822e-04  2.24185087e-02 
 3.38151822e-04  5.39481407e-03  3.38151822e-04  2.24185087e-02 
 3.39151822e-04  5.39481407e-03  3.39151822e-04  2.24185087e-02 
 3.40151822e-04  5.39481407e-03  3.40151822e-04  2.24185087e-02 
 3.41151822e-04  5.39481407e-03  3.41151822e-04  2.24185087e-02 
 3.42151822e-04  5.39481407e-03  3.42151822e-04  2.24185087e-02 
 3.43151822e-04  5.39481407e-03  3.43151822e-04  2.24185087e-02 
 3.44151822e-04  5.39481407e-03  3.44151822e-04  2.24185087e-02 
 3.45151822e-04  5.39481407e-03  3.45151822e-04  2.24185087e-02 
 3.46151822e-04  5.39481407e-03  3.46151822e-04  2.24185087e-02 
 3.47151822e-04  5.39481407e-03  3.47151822e-04  2.24185087e-02 
 3.48151822e-04  5.39481407e-03  3.48151822e-04  2.24185087e-02 
 3.49151822e-04  5.39481407e-03  3.49151822e-04  2.24185087e-02 
 3.50151822e-04  5.39481407e-03  3.50151822e-04  2.24185087e-02 
 3.51151822e-04  5.39481407e-03  3.51151822e-04  2.24185087e-02 
 3.52151822e-04  5.39481407e-03  3.52151822e-04  2.24185087e-02 
 3.53151822e-04  5.39481407e-03  3.53151822e-04  2.24185087e-02 
 3.54151822e-04  5.39481407e-03  3.54151822e-04  2.24185087e-02 
 3.55151822e-04  5.39481407e-03  3.55151822e-04  2.24185087e-02 
 3.56151822e-04  5.39481407e-03  3.56151822e-04  2.24185087e-02 
 3.57151822e-04  5.39481407e-03  3.57151822e-04  2.24185087e-02 
 3.58151822e-04  5.39481407e-03  3.58151822e-04  2.24185087e-02 
 3.59151822e-04  5.39481407e-03  3.59151822e-04  2.24185087e-02 
 3.60151822e-04  5.39481407e-03  3.60151822e-04  2.24185087e-02 
 3.61151822e-04  5.39481407e-03  3.61151822e-04  2.24185087e-02 
 3.62151822e-04  5.39481407e-03  3.62151822e-04  2.24185087e-02 
 3.63151822e-04  5.39481407e-03  3.63151822e-04  2.24185087e-02 
 3.64151822e-04  5.39481407e-03  3.64151822e-04  2.24185087e-02 
 3.65151822e-04  5.39481407e-03  3.65151822e-04  2.24185087e-02 
 3.66151822e-04  5.39481407e-03  3.66151822e-04  2.24185087e-02 
 3.67151822e-04  5.39481407e-03  3.67151822e-04  2.24185087e-02 
 3.68151822e-04  5.39481407e-03  3.68151822e-04  2.24185087e-02 
 3.69151822e-04  5.39481407e-03  3.69151822e-04  2.24185087e-02 
 3.70151822e-04  5.39481407e-03  3.70151822e-04  2.24185087e-02 
 3.71151822e-04  5.39481407e-03  3.71151822e-04  2.24185087e-02 
 3.72151822e-04  5.39481407e-03  3.72151822e-04  2.24185087e-02 
 3.73151822e-04  5.39481407e-03  3.73151822e-04  2.24185087e-02 
 3.74151822e-04  5.39481407e-03  3.74151822e-04  2.24185087e-02 
 3.75151822e-04  5.39481407e-03  3.75151822e-04  2.24185087e-02 
 3.76151822e-04  5.39481407e-03  3.76151822e-04  2.24185087e-02 
 3.77151822e-04  5.39481407e-03  3.77151822e-04  2.24185087e-02 
 3.78151822e-04  5.39481407e-03  3.78151822e-04  2.24185087e-02 
 3.79151822e-04  5.39481407e-03  3.79151822e-04  2.24185087e-02 
 3.80151822e-04  5.39481407e-03  3.80151822e-04  2.24185087e-02 
 3.81151822e-04  5.39481407e-03  3.81151822e-04  2.24185087e-02 
 3.82151822e-04  5.39481407e-03  3.82151822e-04  2.24185087e-02 
 3.83151822e-04  5.39481407e-03  3.83151822e-04  2.24185087e-02 
 3.84151822e-04  5.39481407e-03  3.84151822e-04  2.24185087e-02 
 3.85151822e-04  5.39481407e-03  3.85151822e-04  2.24185087e-02 
 3.86151822e-04  5.39481407e-03  3.86151822e-04  2.24185087e-02 
 3.87151822e-04  5.39481407e-03  3.87151822e-04  2.24185087e-02 
 3.88151822e-04  5.39481407e-03  3.88151822e-04  2.24185087e-02 
 3.89151822e-04  5.39481407e-03  3.89151822e-04  2.24185087e-02 
 3.90151822e-04  5.39481407e-03  3.90151822e-04  2.24185087e-02 
 3.91151822e-04  5.39481407e-03  3.91151822e-04  2.24185087e-02 
 3.92151822e-04  5.39481407e-03  3.92151822e-04  2.24185087e-02 
 3.93151822e-04  5.39481407e-03  3.93151822e-04  2.24185087e-02 
 3.94151822e-04  5.39481407e-03  3.94151822e-04  2.24185087e-02 
 3.95151822e-04  5.39481407e-03  3.95151822e-04  2.24185087e-02 
 3.96151822e-04  5.39481407e-03  3.96151822e-04  2.24185087e-02 
 3.97151822e-04  5.39481407e-03  3.97151822e-04  2.24185087e-02 
 3.98151822e-04  5.39481407e-03  3.98151822e-04  2.24185087e-02 
 3.99151822e-04  5.39481407e-03  3.99151822e-04  2.24185087e-02 
 4.00151822e-04  5.39481407e-03  4.00151822e-04  2.24185087e-02 
 4.01000000e-04  5.39481407e-03  4.01000000e-04  2.24185087e-02 
