 0.00000000e+00  3.58117063e-02  0.00000000e+00  8.11886011e-02 
 1.00000000e-08  3.58117063e-02  1.00000000e-08  8.11886011e-02 
 2.00000000e-08  3.58117063e-02  2.00000000e-08  8.11886011e-02 
 4.00000000e-08  3.58117063e-02  4.00000000e-08  8.11886011e-02 
 8.00000000e-08  3.58117063e-02  8.00000000e-08  8.11886011e-02 
 1.60000000e-07  3.58117063e-02  1.60000000e-07  8.11886011e-02 
 3.20000000e-07  3.58117063e-02  3.20000000e-07  8.11886011e-02 
 6.40000000e-07  3.58117063e-02  6.40000000e-07  8.11886011e-02 
 1.00000000e-06  3.58117063e-02  1.00000000e-06  8.11886011e-02 
 1.00000010e-06  3.58117063e-02  1.00000010e-06  8.11886011e-02 
 1.00000030e-06  3.58117063e-02  1.00000030e-06  8.11886011e-02 
 1.00000070e-06  3.58117063e-02  1.00000070e-06  8.11886011e-02 
 1.00000100e-06  3.58117063e-02  1.00000100e-06  8.11886011e-02 
 1.00000108e-06  3.58117063e-02  1.00000108e-06  8.11886011e-02 
 1.00000124e-06  3.58117063e-02  1.00000124e-06  8.11886011e-02 
 1.00000156e-06  3.58117063e-02  1.00000156e-06  8.11886011e-02 
 1.00000220e-06  3.58117063e-02  1.00000220e-06  8.11886011e-02 
 1.00000348e-06  3.58117063e-02  1.00000348e-06  8.11886011e-02 
 1.00000604e-06  3.58117063e-02  1.00000604e-06  8.11886011e-02 
 1.00001116e-06  3.58117063e-02  1.00001116e-06  8.11886011e-02 
 1.00002140e-06  3.58117063e-02  1.00002140e-06  8.11886011e-02 
 1.00004188e-06  3.58117063e-02  1.00004188e-06  8.11886011e-02 
 1.00008284e-06  3.58117063e-02  1.00008284e-06  8.11886011e-02 
 1.00016476e-06  3.58117063e-02  1.00016476e-06  8.11886011e-02 
 1.00032860e-06  3.58117063e-02  1.00032860e-06  8.11886011e-02 
 1.00065628e-06  3.58117063e-02  1.00065628e-06  8.11886011e-02 
 1.00131164e-06  3.58117063e-02  1.00131164e-06  8.11886011e-02 
 1.00262236e-06  3.58117063e-02  1.00262236e-06  8.11886011e-02 
 1.00524380e-06  3.58117063e-02  1.00524380e-06  8.11886011e-02 
 1.01048668e-06  3.58117063e-02  1.01048668e-06  8.11886011e-02 
 1.02097244e-06  3.58117063e-02  1.02097244e-06  8.11886011e-02 
 1.04194396e-06  3.58117063e-02  1.04194396e-06  8.11886011e-02 
 1.08388700e-06  3.58117063e-02  1.08388700e-06  8.11886011e-02 
 1.15945006e-06  3.58117063e-02  1.15945006e-06  8.11886011e-02 
 1.28015135e-06  3.58117063e-02  1.28015135e-06  8.11886011e-02 
 1.42235445e-06  3.58117063e-02  1.42235445e-06  8.11886011e-02 
 1.58659600e-06  3.58117063e-02  1.58659600e-06  8.11886011e-02 
 1.80875539e-06  3.58117063e-02  1.80875539e-06  8.11886011e-02 
 2.01291304e-06  3.58117063e-02  2.01291304e-06  8.11886011e-02 
 2.42122833e-06  3.58117063e-02  2.42122833e-06  8.11886011e-02 
 3.23785893e-06  3.58117063e-02  3.23785893e-06  8.11886011e-02 
 4.23785893e-06  3.58117063e-02  4.23785893e-06  8.11886011e-02 
 5.23785893e-06  3.58117063e-02  5.23785893e-06  8.11886011e-02 
 6.23785893e-06  3.58117063e-02  6.23785893e-06  8.11886011e-02 
 7.23785893e-06  3.58117063e-02  7.23785893e-06  8.11886011e-02 
 8.23785893e-06  3.58117063e-02  8.23785893e-06  8.11886011e-02 
 9.23785893e-06  3.58117063e-02  9.23785893e-06  8.11886011e-02 
 1.02378589e-05  3.58117063e-02  1.02378589e-05  8.11886011e-02 
 1.12378589e-05  3.58117063e-02  1.12378589e-05  8.11886011e-02 
 1.22378589e-05  3.58117063e-02  1.22378589e-05  8.11886011e-02 
 1.32378589e-05  3.58117063e-02  1.32378589e-05  8.11886011e-02 
 1.42378589e-05  3.58117063e-02  1.42378589e-05  8.11886011e-02 
 1.52378589e-05  3.58117063e-02  1.52378589e-05  8.11886011e-02 
 1.62378589e-05  3.58117063e-02  1.62378589e-05  8.11886011e-02 
 1.72378589e-05  3.58117063e-02  1.72378589e-05  8.11886011e-02 
 1.82378589e-05  3.58117063e-02  1.82378589e-05  8.11886011e-02 
 1.92378589e-05  3.58117063e-02  1.92378589e-05  8.11886011e-02 
 2.02378589e-05  3.58117063e-02  2.02378589e-05  8.11886011e-02 
 2.12378589e-05  3.58117063e-02  2.12378589e-05  8.11886011e-02 
 2.22378589e-05  3.58117063e-02  2.22378589e-05  8.11886011e-02 
 2.32378589e-05  3.58117063e-02  2.32378589e-05  8.11886011e-02 
 2.42378589e-05  3.58117063e-02  2.42378589e-05  8.11886011e-02 
 2.52378589e-05  3.58117063e-02  2.52378589e-05  8.11886011e-02 
 2.62378589e-05  3.58117063e-02  2.62378589e-05  8.11886011e-02 
 2.72378589e-05  3.58117063e-02  2.72378589e-05  8.11886011e-02 
 2.82378589e-05  3.58117063e-02  2.82378589e-05  8.11886011e-02 
 2.92378589e-05  3.58117063e-02  2.92378589e-05  8.11886011e-02 
 3.02378589e-05  3.58117063e-02  3.02378589e-05  8.11886011e-02 
 3.12378589e-05  3.58117063e-02  3.12378589e-05  8.11886011e-02 
 3.22378589e-05  3.58117063e-02  3.22378589e-05  8.11886011e-02 
 3.32378589e-05  3.58117063e-02  3.32378589e-05  8.11886011e-02 
 3.42378589e-05  3.58117063e-02  3.42378589e-05  8.11886011e-02 
 3.52378589e-05  3.58117063e-02  3.52378589e-05  8.11886011e-02 
 3.62378589e-05  3.58117063e-02  3.62378589e-05  8.11886011e-02 
 3.72378589e-05  3.58117063e-02  3.72378589e-05  8.11886011e-02 
 3.82378589e-05  3.58117063e-02  3.82378589e-05  8.11886011e-02 
 3.92378589e-05  3.58117063e-02  3.92378589e-05  8.11886011e-02 
 4.02378589e-05  3.58117063e-02  4.02378589e-05  8.11886011e-02 
 4.12378589e-05  3.58117063e-02  4.12378589e-05  8.11886011e-02 
 4.22378589e-05  3.58117063e-02  4.22378589e-05  8.11886011e-02 
 4.32378589e-05  3.58117063e-02  4.32378589e-05  8.11886011e-02 
 4.42378589e-05  3.58117063e-02  4.42378589e-05  8.11886011e-02 
 4.52378589e-05  3.58117063e-02  4.52378589e-05  8.11886011e-02 
 4.62378589e-05  3.58117063e-02  4.62378589e-05  8.11886011e-02 
 4.72378589e-05  3.58117063e-02  4.72378589e-05  8.11886011e-02 
 4.82378589e-05  3.58117063e-02  4.82378589e-05  8.11886011e-02 
 4.92378589e-05  3.58117063e-02  4.92378589e-05  8.11886011e-02 
 5.02378589e-05  3.58117063e-02  5.02378589e-05  8.11886011e-02 
 5.12378589e-05  3.58117063e-02  5.12378589e-05  8.11886011e-02 
 5.22378589e-05  3.58117063e-02  5.22378589e-05  8.11886011e-02 
 5.32378589e-05  3.58117063e-02  5.32378589e-05  8.11886011e-02 
 5.42378589e-05  3.58117063e-02  5.42378589e-05  8.11886011e-02 
 5.52378589e-05  3.58117063e-02  5.52378589e-05  8.11886011e-02 
 5.62378589e-05  3.58117063e-02  5.62378589e-05  8.11886011e-02 
 5.72378589e-05  3.58117063e-02  5.72378589e-05  8.11886011e-02 
 5.82378589e-05  3.58117063e-02  5.82378589e-05  8.11886011e-02 
 5.92378589e-05  3.58117063e-02  5.92378589e-05  8.11886011e-02 
 6.02378589e-05  3.58117063e-02  6.02378589e-05  8.11886011e-02 
 6.12378589e-05  3.58117063e-02  6.12378589e-05  8.11886011e-02 
 6.22378589e-05  3.58117063e-02  6.22378589e-05  8.11886011e-02 
 6.32378589e-05  3.58117063e-02  6.32378589e-05  8.11886011e-02 
 6.42378589e-05  3.58117063e-02  6.42378589e-05  8.11886011e-02 
 6.52378589e-05  3.58117063e-02  6.52378589e-05  8.11886011e-02 
 6.62378589e-05  3.58117063e-02  6.62378589e-05  8.11886011e-02 
 6.72378589e-05  3.58117063e-02  6.72378589e-05  8.11886011e-02 
 6.82378589e-05  3.58117063e-02  6.82378589e-05  8.11886011e-02 
 6.92378589e-05  3.58117063e-02  6.92378589e-05  8.11886011e-02 
 7.02378589e-05  3.58117063e-02  7.02378589e-05  8.11886011e-02 
 7.12378589e-05  3.58117063e-02  7.12378589e-05  8.11886011e-02 
 7.22378589e-05  3.58117063e-02  7.22378589e-05  8.11886011e-02 
 7.32378589e-05  3.58117063e-02  7.32378589e-05  8.11886011e-02 
 7.42378589e-05  3.58117063e-02  7.42378589e-05  8.11886011e-02 
 7.52378589e-05  3.58117063e-02  7.52378589e-05  8.11886011e-02 
 7.62378589e-05  3.58117063e-02  7.62378589e-05  8.11886011e-02 
 7.72378589e-05  3.58117063e-02  7.72378589e-05  8.11886011e-02 
 7.82378589e-05  3.58117063e-02  7.82378589e-05  8.11886011e-02 
 7.92378589e-05  3.58117063e-02  7.92378589e-05  8.11886011e-02 
 8.02378589e-05  3.58117063e-02  8.02378589e-05  8.11886011e-02 
 8.12378589e-05  3.58117063e-02  8.12378589e-05  8.11886011e-02 
 8.22378589e-05  3.58117063e-02  8.22378589e-05  8.11886011e-02 
 8.32378589e-05  3.58117063e-02  8.32378589e-05  8.11886011e-02 
 8.42378589e-05  3.58117063e-02  8.42378589e-05  8.11886011e-02 
 8.52378589e-05  3.58117063e-02  8.52378589e-05  8.11886011e-02 
 8.62378589e-05  3.58117063e-02  8.62378589e-05  8.11886011e-02 
 8.72378589e-05  3.58117063e-02  8.72378589e-05  8.11886011e-02 
 8.82378589e-05  3.58117063e-02  8.82378589e-05  8.11886011e-02 
 8.92378589e-05  3.58117063e-02  8.92378589e-05  8.11886011e-02 
 9.02378589e-05  3.58117063e-02  9.02378589e-05  8.11886011e-02 
 9.12378589e-05  3.58117063e-02  9.12378589e-05  8.11886011e-02 
 9.22378589e-05  3.58117063e-02  9.22378589e-05  8.11886011e-02 
 9.32378589e-05  3.58117063e-02  9.32378589e-05  8.11886011e-02 
 9.42378589e-05  3.58117063e-02  9.42378589e-05  8.11886011e-02 
 9.52378589e-05  3.58117063e-02  9.52378589e-05  8.11886011e-02 
 9.62378589e-05  3.58117063e-02  9.62378589e-05  8.11886011e-02 
 9.72378589e-05  3.58117063e-02  9.72378589e-05  8.11886011e-02 
 9.82378589e-05  3.58117063e-02  9.82378589e-05  8.11886011e-02 
 9.92378589e-05  3.58117063e-02  9.92378589e-05  8.11886011e-02 
 1.00237859e-04  3.58117063e-02  1.00237859e-04  8.11886011e-02 
 1.01237859e-04  3.58117063e-02  1.01237859e-04  8.11886011e-02 
 1.02237859e-04  3.58117063e-02  1.02237859e-04  8.11886011e-02 
 1.03237859e-04  3.58117063e-02  1.03237859e-04  8.11886011e-02 
 1.04237859e-04  3.58117063e-02  1.04237859e-04  8.11886011e-02 
 1.05237859e-04  3.58117063e-02  1.05237859e-04  8.11886011e-02 
 1.06237859e-04  3.58117063e-02  1.06237859e-04  8.11886011e-02 
 1.07237859e-04  3.58117063e-02  1.07237859e-04  8.11886011e-02 
 1.08237859e-04  3.58117063e-02  1.08237859e-04  8.11886011e-02 
 1.09237859e-04  3.58117063e-02  1.09237859e-04  8.11886011e-02 
 1.10237859e-04  3.58117063e-02  1.10237859e-04  8.11886011e-02 
 1.11237859e-04  3.58117063e-02  1.11237859e-04  8.11886011e-02 
 1.12237859e-04  3.58117063e-02  1.12237859e-04  8.11886011e-02 
 1.13237859e-04  3.58117063e-02  1.13237859e-04  8.11886011e-02 
 1.14237859e-04  3.58117063e-02  1.14237859e-04  8.11886011e-02 
 1.15237859e-04  3.58117063e-02  1.15237859e-04  8.11886011e-02 
 1.16237859e-04  3.58117063e-02  1.16237859e-04  8.11886011e-02 
 1.17237859e-04  3.58117063e-02  1.17237859e-04  8.11886011e-02 
 1.18237859e-04  3.58117063e-02  1.18237859e-04  8.11886011e-02 
 1.19237859e-04  3.58117063e-02  1.19237859e-04  8.11886011e-02 
 1.20237859e-04  3.58117063e-02  1.20237859e-04  8.11886011e-02 
 1.21237859e-04  3.58117063e-02  1.21237859e-04  8.11886011e-02 
 1.22237859e-04  3.58117063e-02  1.22237859e-04  8.11886011e-02 
 1.23237859e-04  3.58117063e-02  1.23237859e-04  8.11886011e-02 
 1.24237859e-04  3.58117063e-02  1.24237859e-04  8.11886011e-02 
 1.25237859e-04  3.58117063e-02  1.25237859e-04  8.11886011e-02 
 1.26237859e-04  3.58117063e-02  1.26237859e-04  8.11886011e-02 
 1.27237859e-04  3.58117063e-02  1.27237859e-04  8.11886011e-02 
 1.28237859e-04  3.58117063e-02  1.28237859e-04  8.11886011e-02 
 1.29237859e-04  3.58117063e-02  1.29237859e-04  8.11886011e-02 
 1.30237859e-04  3.58117063e-02  1.30237859e-04  8.11886011e-02 
 1.31237859e-04  3.58117063e-02  1.31237859e-04  8.11886011e-02 
 1.32237859e-04  3.58117063e-02  1.32237859e-04  8.11886011e-02 
 1.33237859e-04  3.58117063e-02  1.33237859e-04  8.11886011e-02 
 1.34237859e-04  3.58117063e-02  1.34237859e-04  8.11886011e-02 
 1.35237859e-04  3.58117063e-02  1.35237859e-04  8.11886011e-02 
 1.36237859e-04  3.58117063e-02  1.36237859e-04  8.11886011e-02 
 1.37237859e-04  3.58117063e-02  1.37237859e-04  8.11886011e-02 
 1.38237859e-04  3.58117063e-02  1.38237859e-04  8.11886011e-02 
 1.39237859e-04  3.58117063e-02  1.39237859e-04  8.11886011e-02 
 1.40237859e-04  3.58117063e-02  1.40237859e-04  8.11886011e-02 
 1.41237859e-04  3.58117063e-02  1.41237859e-04  8.11886011e-02 
 1.42237859e-04  3.58117063e-02  1.42237859e-04  8.11886011e-02 
 1.43237859e-04  3.58117063e-02  1.43237859e-04  8.11886011e-02 
 1.44237859e-04  3.58117063e-02  1.44237859e-04  8.11886011e-02 
 1.45237859e-04  3.58117063e-02  1.45237859e-04  8.11886011e-02 
 1.46237859e-04  3.58117063e-02  1.46237859e-04  8.11886011e-02 
 1.47237859e-04  3.58117063e-02  1.47237859e-04  8.11886011e-02 
 1.48237859e-04  3.58117063e-02  1.48237859e-04  8.11886011e-02 
 1.49237859e-04  3.58117063e-02  1.49237859e-04  8.11886011e-02 
 1.50237859e-04  3.58117063e-02  1.50237859e-04  8.11886011e-02 
 1.51237859e-04  3.58117063e-02  1.51237859e-04  8.11886011e-02 
 1.52237859e-04  3.58117063e-02  1.52237859e-04  8.11886011e-02 
 1.53237859e-04  3.58117063e-02  1.53237859e-04  8.11886011e-02 
 1.54237859e-04  3.58117063e-02  1.54237859e-04  8.11886011e-02 
 1.55237859e-04  3.58117063e-02  1.55237859e-04  8.11886011e-02 
 1.56237859e-04  3.58117063e-02  1.56237859e-04  8.11886011e-02 
 1.57237859e-04  3.58117063e-02  1.57237859e-04  8.11886011e-02 
 1.58237859e-04  3.58117063e-02  1.58237859e-04  8.11886011e-02 
 1.59237859e-04  3.58117063e-02  1.59237859e-04  8.11886011e-02 
 1.60237859e-04  3.58117063e-02  1.60237859e-04  8.11886011e-02 
 1.61237859e-04  3.58117063e-02  1.61237859e-04  8.11886011e-02 
 1.62237859e-04  3.58117063e-02  1.62237859e-04  8.11886011e-02 
 1.63237859e-04  3.58117063e-02  1.63237859e-04  8.11886011e-02 
 1.64237859e-04  3.58117063e-02  1.64237859e-04  8.11886011e-02 
 1.65237859e-04  3.58117063e-02  1.65237859e-04  8.11886011e-02 
 1.66237859e-04  3.58117063e-02  1.66237859e-04  8.11886011e-02 
 1.67237859e-04  3.58117063e-02  1.67237859e-04  8.11886011e-02 
 1.68237859e-04  3.58117063e-02  1.68237859e-04  8.11886011e-02 
 1.69237859e-04  3.58117063e-02  1.69237859e-04  8.11886011e-02 
 1.70237859e-04  3.58117063e-02  1.70237859e-04  8.11886011e-02 
 1.71237859e-04  3.58117063e-02  1.71237859e-04  8.11886011e-02 
 1.72237859e-04  3.58117063e-02  1.72237859e-04  8.11886011e-02 
 1.73237859e-04  3.58117063e-02  1.73237859e-04  8.11886011e-02 
 1.74237859e-04  3.58117063e-02  1.74237859e-04  8.11886011e-02 
 1.75237859e-04  3.58117063e-02  1.75237859e-04  8.11886011e-02 
 1.76237859e-04  3.58117063e-02  1.76237859e-04  8.11886011e-02 
 1.77237859e-04  3.58117063e-02  1.77237859e-04  8.11886011e-02 
 1.78237859e-04  3.58117063e-02  1.78237859e-04  8.11886011e-02 
 1.79237859e-04  3.58117063e-02  1.79237859e-04  8.11886011e-02 
 1.80237859e-04  3.58117063e-02  1.80237859e-04  8.11886011e-02 
 1.81237859e-04  3.58117063e-02  1.81237859e-04  8.11886011e-02 
 1.82237859e-04  3.58117063e-02  1.82237859e-04  8.11886011e-02 
 1.83237859e-04  3.58117063e-02  1.83237859e-04  8.11886011e-02 
 1.84237859e-04  3.58117063e-02  1.84237859e-04  8.11886011e-02 
 1.85237859e-04  3.58117063e-02  1.85237859e-04  8.11886011e-02 
 1.86237859e-04  3.58117063e-02  1.86237859e-04  8.11886011e-02 
 1.87237859e-04  3.58117063e-02  1.87237859e-04  8.11886011e-02 
 1.88237859e-04  3.58117063e-02  1.88237859e-04  8.11886011e-02 
 1.89237859e-04  3.58117063e-02  1.89237859e-04  8.11886011e-02 
 1.90237859e-04  3.58117063e-02  1.90237859e-04  8.11886011e-02 
 1.91237859e-04  3.58117063e-02  1.91237859e-04  8.11886011e-02 
 1.92237859e-04  3.58117063e-02  1.92237859e-04  8.11886011e-02 
 1.93237859e-04  3.58117063e-02  1.93237859e-04  8.11886011e-02 
 1.94237859e-04  3.58117063e-02  1.94237859e-04  8.11886011e-02 
 1.95237859e-04  3.58117063e-02  1.95237859e-04  8.11886011e-02 
 1.96237859e-04  3.58117063e-02  1.96237859e-04  8.11886011e-02 
 1.97237859e-04  3.58117063e-02  1.97237859e-04  8.11886011e-02 
 1.98237859e-04  3.58117063e-02  1.98237859e-04  8.11886011e-02 
 1.99237859e-04  3.58117063e-02  1.99237859e-04  8.11886011e-02 
 2.00237859e-04  3.58117063e-02  2.00237859e-04  8.11886011e-02 
 2.01000001e-04  3.58117063e-02  2.01000001e-04  8.11886011e-02 
 2.01000001e-04  3.58117063e-02  2.01000001e-04  8.11886011e-02 
 2.01000001e-04  3.58117063e-02  2.01000001e-04  8.11886011e-02 
 2.01000002e-04  3.58117063e-02  2.01000002e-04  8.11886011e-02 
 2.01000002e-04  3.58117063e-02  2.01000002e-04  8.11886011e-02 
 2.01000002e-04  3.58117063e-02  2.01000002e-04  8.11886011e-02 
 2.01000002e-04  3.58117063e-02  2.01000002e-04  8.11886011e-02 
 2.01000003e-04  3.58117063e-02  2.01000003e-04  8.11886011e-02 
 2.01000003e-04  3.58117063e-02  2.01000003e-04  8.11886011e-02 
 2.01000004e-04  3.58117063e-02  2.01000004e-04  8.11886011e-02 
 2.01000007e-04  3.58117063e-02  2.01000007e-04  8.11886011e-02 
 2.01000012e-04  3.58117063e-02  2.01000012e-04  8.11886011e-02 
 2.01000022e-04  3.58117063e-02  2.01000022e-04  8.11886011e-02 
 2.01000043e-04  3.58117063e-02  2.01000043e-04  8.11886011e-02 
 2.01000084e-04  3.58117063e-02  2.01000084e-04  8.11886011e-02 
 2.01000166e-04  3.58117063e-02  2.01000166e-04  8.11886011e-02 
 2.01000330e-04  3.58117063e-02  2.01000330e-04  8.11886011e-02 
 2.01000657e-04  3.58117063e-02  2.01000657e-04  8.11886011e-02 
 2.01001313e-04  3.58117063e-02  2.01001313e-04  8.11886011e-02 
 2.01002623e-04  3.58117063e-02  2.01002623e-04  8.11886011e-02 
 2.01005245e-04  3.58117063e-02  2.01005245e-04  8.11886011e-02 
 2.01010488e-04  3.58117063e-02  2.01010488e-04  8.11886011e-02 
 2.01020973e-04  3.58117063e-02  2.01020973e-04  8.11886011e-02 
 2.01041945e-04  3.58117063e-02  2.01041945e-04  8.11886011e-02 
 2.01083888e-04  3.58117063e-02  2.01083888e-04  8.11886011e-02 
 2.01167774e-04  3.58117063e-02  2.01167774e-04  8.11886011e-02 
 2.01295541e-04  3.58117063e-02  2.01295541e-04  8.11886011e-02 
 2.01493760e-04  3.58117063e-02  2.01493760e-04  8.11886011e-02 
 2.01846874e-04  3.58117063e-02  2.01846874e-04  8.11886011e-02 
 2.02188828e-04  3.58117063e-02  2.02188828e-04  8.11886011e-02 
 2.02872735e-04  3.58117063e-02  2.02872735e-04  8.11886011e-02 
 2.03872735e-04  3.58117063e-02  2.03872735e-04  8.11886011e-02 
 2.04872735e-04  3.58117063e-02  2.04872735e-04  8.11886011e-02 
 2.05872735e-04  3.58117063e-02  2.05872735e-04  8.11886011e-02 
 2.06872735e-04  3.58117063e-02  2.06872735e-04  8.11886011e-02 
 2.07872735e-04  3.58117063e-02  2.07872735e-04  8.11886011e-02 
 2.08872735e-04  3.58117063e-02  2.08872735e-04  8.11886011e-02 
 2.09872735e-04  3.58117063e-02  2.09872735e-04  8.11886011e-02 
 2.10872735e-04  3.58117063e-02  2.10872735e-04  8.11886011e-02 
 2.11872735e-04  3.58117063e-02  2.11872735e-04  8.11886011e-02 
 2.12872735e-04  3.58117063e-02  2.12872735e-04  8.11886011e-02 
 2.13872735e-04  3.58117063e-02  2.13872735e-04  8.11886011e-02 
 2.14872735e-04  3.58117063e-02  2.14872735e-04  8.11886011e-02 
 2.15872735e-04  3.58117063e-02  2.15872735e-04  8.11886011e-02 
 2.16872735e-04  3.58117063e-02  2.16872735e-04  8.11886011e-02 
 2.17872735e-04  3.58117063e-02  2.17872735e-04  8.11886011e-02 
 2.18872735e-04  3.58117063e-02  2.18872735e-04  8.11886011e-02 
 2.19872735e-04  3.58117063e-02  2.19872735e-04  8.11886011e-02 
 2.20872735e-04  3.58117063e-02  2.20872735e-04  8.11886011e-02 
 2.21872735e-04  3.58117063e-02  2.21872735e-04  8.11886011e-02 
 2.22872735e-04  3.58117063e-02  2.22872735e-04  8.11886011e-02 
 2.23872735e-04  3.58117063e-02  2.23872735e-04  8.11886011e-02 
 2.24872735e-04  3.58117063e-02  2.24872735e-04  8.11886011e-02 
 2.25872735e-04  3.58117063e-02  2.25872735e-04  8.11886011e-02 
 2.26872735e-04  3.58117063e-02  2.26872735e-04  8.11886011e-02 
 2.27872735e-04  3.58117063e-02  2.27872735e-04  8.11886011e-02 
 2.28872735e-04  3.58117063e-02  2.28872735e-04  8.11886011e-02 
 2.29872735e-04  3.58117063e-02  2.29872735e-04  8.11886011e-02 
 2.30872735e-04  3.58117063e-02  2.30872735e-04  8.11886011e-02 
 2.31872735e-04  3.58117063e-02  2.31872735e-04  8.11886011e-02 
 2.32872735e-04  3.58117063e-02  2.32872735e-04  8.11886011e-02 
 2.33872735e-04  3.58117063e-02  2.33872735e-04  8.11886011e-02 
 2.34872735e-04  3.58117063e-02  2.34872735e-04  8.11886011e-02 
 2.35872735e-04  3.58117063e-02  2.35872735e-04  8.11886011e-02 
 2.36872735e-04  3.58117063e-02  2.36872735e-04  8.11886011e-02 
 2.37872735e-04  3.58117063e-02  2.37872735e-04  8.11886011e-02 
 2.38872735e-04  3.58117063e-02  2.38872735e-04  8.11886011e-02 
 2.39872735e-04  3.58117063e-02  2.39872735e-04  8.11886011e-02 
 2.40872735e-04  3.58117063e-02  2.40872735e-04  8.11886011e-02 
 2.41872735e-04  3.58117063e-02  2.41872735e-04  8.11886011e-02 
 2.42872735e-04  3.58117063e-02  2.42872735e-04  8.11886011e-02 
 2.43872735e-04  3.58117063e-02  2.43872735e-04  8.11886011e-02 
 2.44872735e-04  3.58117063e-02  2.44872735e-04  8.11886011e-02 
 2.45872735e-04  3.58117063e-02  2.45872735e-04  8.11886011e-02 
 2.46872735e-04  3.58117063e-02  2.46872735e-04  8.11886011e-02 
 2.47872735e-04  3.58117063e-02  2.47872735e-04  8.11886011e-02 
 2.48872735e-04  3.58117063e-02  2.48872735e-04  8.11886011e-02 
 2.49872735e-04  3.58117063e-02  2.49872735e-04  8.11886011e-02 
 2.50872735e-04  3.58117063e-02  2.50872735e-04  8.11886011e-02 
 2.51872735e-04  3.58117063e-02  2.51872735e-04  8.11886011e-02 
 2.52872735e-04  3.58117063e-02  2.52872735e-04  8.11886011e-02 
 2.53872735e-04  3.58117063e-02  2.53872735e-04  8.11886011e-02 
 2.54872735e-04  3.58117063e-02  2.54872735e-04  8.11886011e-02 
 2.55872735e-04  3.58117063e-02  2.55872735e-04  8.11886011e-02 
 2.56872735e-04  3.58117063e-02  2.56872735e-04  8.11886011e-02 
 2.57872735e-04  3.58117063e-02  2.57872735e-04  8.11886011e-02 
 2.58872735e-04  3.58117063e-02  2.58872735e-04  8.11886011e-02 
 2.59872735e-04  3.58117063e-02  2.59872735e-04  8.11886011e-02 
 2.60872735e-04  3.58117063e-02  2.60872735e-04  8.11886011e-02 
 2.61872735e-04  3.58117063e-02  2.61872735e-04  8.11886011e-02 
 2.62872735e-04  3.58117063e-02  2.62872735e-04  8.11886011e-02 
 2.63872735e-04  3.58117063e-02  2.63872735e-04  8.11886011e-02 
 2.64872735e-04  3.58117063e-02  2.64872735e-04  8.11886011e-02 
 2.65872735e-04  3.58117063e-02  2.65872735e-04  8.11886011e-02 
 2.66872735e-04  3.58117063e-02  2.66872735e-04  8.11886011e-02 
 2.67872735e-04  3.58117063e-02  2.67872735e-04  8.11886011e-02 
 2.68872735e-04  3.58117063e-02  2.68872735e-04  8.11886011e-02 
 2.69872735e-04  3.58117063e-02  2.69872735e-04  8.11886011e-02 
 2.70872735e-04  3.58117063e-02  2.70872735e-04  8.11886011e-02 
 2.71872735e-04  3.58117063e-02  2.71872735e-04  8.11886011e-02 
 2.72872735e-04  3.58117063e-02  2.72872735e-04  8.11886011e-02 
 2.73872735e-04  3.58117063e-02  2.73872735e-04  8.11886011e-02 
 2.74872735e-04  3.58117063e-02  2.74872735e-04  8.11886011e-02 
 2.75872735e-04  3.58117063e-02  2.75872735e-04  8.11886011e-02 
 2.76872735e-04  3.58117063e-02  2.76872735e-04  8.11886011e-02 
 2.77872735e-04  3.58117063e-02  2.77872735e-04  8.11886011e-02 
 2.78872735e-04  3.58117063e-02  2.78872735e-04  8.11886011e-02 
 2.79872735e-04  3.58117063e-02  2.79872735e-04  8.11886011e-02 
 2.80872735e-04  3.58117063e-02  2.80872735e-04  8.11886011e-02 
 2.81872735e-04  3.58117063e-02  2.81872735e-04  8.11886011e-02 
 2.82872735e-04  3.58117063e-02  2.82872735e-04  8.11886011e-02 
 2.83872735e-04  3.58117063e-02  2.83872735e-04  8.11886011e-02 
 2.84872735e-04  3.58117063e-02  2.84872735e-04  8.11886011e-02 
 2.85872735e-04  3.58117063e-02  2.85872735e-04  8.11886011e-02 
 2.86872735e-04  3.58117063e-02  2.86872735e-04  8.11886011e-02 
 2.87872735e-04  3.58117063e-02  2.87872735e-04  8.11886011e-02 
 2.88872735e-04  3.58117063e-02  2.88872735e-04  8.11886011e-02 
 2.89872735e-04  3.58117063e-02  2.89872735e-04  8.11886011e-02 
 2.90872735e-04  3.58117063e-02  2.90872735e-04  8.11886011e-02 
 2.91872735e-04  3.58117063e-02  2.91872735e-04  8.11886011e-02 
 2.92872735e-04  3.58117063e-02  2.92872735e-04  8.11886011e-02 
 2.93872735e-04  3.58117063e-02  2.93872735e-04  8.11886011e-02 
 2.94872735e-04  3.58117063e-02  2.94872735e-04  8.11886011e-02 
 2.95872735e-04  3.58117063e-02  2.95872735e-04  8.11886011e-02 
 2.96872735e-04  3.58117063e-02  2.96872735e-04  8.11886011e-02 
 2.97872735e-04  3.58117063e-02  2.97872735e-04  8.11886011e-02 
 2.98872735e-04  3.58117063e-02  2.98872735e-04  8.11886011e-02 
 2.99872735e-04  3.58117063e-02  2.99872735e-04  8.11886011e-02 
 3.00872735e-04  3.58117063e-02  3.00872735e-04  8.11886011e-02 
 3.01872735e-04  3.58117063e-02  3.01872735e-04  8.11886011e-02 
 3.02872735e-04  3.58117063e-02  3.02872735e-04  8.11886011e-02 
 3.03872735e-04  3.58117063e-02  3.03872735e-04  8.11886011e-02 
 3.04872735e-04  3.58117063e-02  3.04872735e-04  8.11886011e-02 
 3.05872735e-04  3.58117063e-02  3.05872735e-04  8.11886011e-02 
 3.06872735e-04  3.58117063e-02  3.06872735e-04  8.11886011e-02 
 3.07872735e-04  3.58117063e-02  3.07872735e-04  8.11886011e-02 
 3.08872735e-04  3.58117063e-02  3.08872735e-04  8.11886011e-02 
 3.09872735e-04  3.58117063e-02  3.09872735e-04  8.11886011e-02 
 3.10872735e-04  3.58117063e-02  3.10872735e-04  8.11886011e-02 
 3.11872735e-04  3.58117063e-02  3.11872735e-04  8.11886011e-02 
 3.12872735e-04  3.58117063e-02  3.12872735e-04  8.11886011e-02 
 3.13872735e-04  3.58117063e-02  3.13872735e-04  8.11886011e-02 
 3.14872735e-04  3.58117063e-02  3.14872735e-04  8.11886011e-02 
 3.15872735e-04  3.58117063e-02  3.15872735e-04  8.11886011e-02 
 3.16872735e-04  3.58117063e-02  3.16872735e-04  8.11886011e-02 
 3.17872735e-04  3.58117063e-02  3.17872735e-04  8.11886011e-02 
 3.18872735e-04  3.58117063e-02  3.18872735e-04  8.11886011e-02 
 3.19872735e-04  3.58117063e-02  3.19872735e-04  8.11886011e-02 
 3.20872735e-04  3.58117063e-02  3.20872735e-04  8.11886011e-02 
 3.21872735e-04  3.58117063e-02  3.21872735e-04  8.11886011e-02 
 3.22872735e-04  3.58117063e-02  3.22872735e-04  8.11886011e-02 
 3.23872735e-04  3.58117063e-02  3.23872735e-04  8.11886011e-02 
 3.24872735e-04  3.58117063e-02  3.24872735e-04  8.11886011e-02 
 3.25872735e-04  3.58117063e-02  3.25872735e-04  8.11886011e-02 
 3.26872735e-04  3.58117063e-02  3.26872735e-04  8.11886011e-02 
 3.27872735e-04  3.58117063e-02  3.27872735e-04  8.11886011e-02 
 3.28872735e-04  3.58117063e-02  3.28872735e-04  8.11886011e-02 
 3.29872735e-04  3.58117063e-02  3.29872735e-04  8.11886011e-02 
 3.30872735e-04  3.58117063e-02  3.30872735e-04  8.11886011e-02 
 3.31872735e-04  3.58117063e-02  3.31872735e-04  8.11886011e-02 
 3.32872735e-04  3.58117063e-02  3.32872735e-04  8.11886011e-02 
 3.33872735e-04  3.58117063e-02  3.33872735e-04  8.11886011e-02 
 3.34872735e-04  3.58117063e-02  3.34872735e-04  8.11886011e-02 
 3.35872735e-04  3.58117063e-02  3.35872735e-04  8.11886011e-02 
 3.36872735e-04  3.58117063e-02  3.36872735e-04  8.11886011e-02 
 3.37872735e-04  3.58117063e-02  3.37872735e-04  8.11886011e-02 
 3.38872735e-04  3.58117063e-02  3.38872735e-04  8.11886011e-02 
 3.39872735e-04  3.58117063e-02  3.39872735e-04  8.11886011e-02 
 3.40872735e-04  3.58117063e-02  3.40872735e-04  8.11886011e-02 
 3.41872735e-04  3.58117063e-02  3.41872735e-04  8.11886011e-02 
 3.42872735e-04  3.58117063e-02  3.42872735e-04  8.11886011e-02 
 3.43872735e-04  3.58117063e-02  3.43872735e-04  8.11886011e-02 
 3.44872735e-04  3.58117063e-02  3.44872735e-04  8.11886011e-02 
 3.45872735e-04  3.58117063e-02  3.45872735e-04  8.11886011e-02 
 3.46872735e-04  3.58117063e-02  3.46872735e-04  8.11886011e-02 
 3.47872735e-04  3.58117063e-02  3.47872735e-04  8.11886011e-02 
 3.48872735e-04  3.58117063e-02  3.48872735e-04  8.11886011e-02 
 3.49872735e-04  3.58117063e-02  3.49872735e-04  8.11886011e-02 
 3.50872735e-04  3.58117063e-02  3.50872735e-04  8.11886011e-02 
 3.51872735e-04  3.58117063e-02  3.51872735e-04  8.11886011e-02 
 3.52872735e-04  3.58117063e-02  3.52872735e-04  8.11886011e-02 
 3.53872735e-04  3.58117063e-02  3.53872735e-04  8.11886011e-02 
 3.54872735e-04  3.58117063e-02  3.54872735e-04  8.11886011e-02 
 3.55872735e-04  3.58117063e-02  3.55872735e-04  8.11886011e-02 
 3.56872735e-04  3.58117063e-02  3.56872735e-04  8.11886011e-02 
 3.57872735e-04  3.58117063e-02  3.57872735e-04  8.11886011e-02 
 3.58872735e-04  3.58117063e-02  3.58872735e-04  8.11886011e-02 
 3.59872735e-04  3.58117063e-02  3.59872735e-04  8.11886011e-02 
 3.60872735e-04  3.58117063e-02  3.60872735e-04  8.11886011e-02 
 3.61872735e-04  3.58117063e-02  3.61872735e-04  8.11886011e-02 
 3.62872735e-04  3.58117063e-02  3.62872735e-04  8.11886011e-02 
 3.63872735e-04  3.58117063e-02  3.63872735e-04  8.11886011e-02 
 3.64872735e-04  3.58117063e-02  3.64872735e-04  8.11886011e-02 
 3.65872735e-04  3.58117063e-02  3.65872735e-04  8.11886011e-02 
 3.66872735e-04  3.58117063e-02  3.66872735e-04  8.11886011e-02 
 3.67872735e-04  3.58117063e-02  3.67872735e-04  8.11886011e-02 
 3.68872735e-04  3.58117063e-02  3.68872735e-04  8.11886011e-02 
 3.69872735e-04  3.58117063e-02  3.69872735e-04  8.11886011e-02 
 3.70872735e-04  3.58117063e-02  3.70872735e-04  8.11886011e-02 
 3.71872735e-04  3.58117063e-02  3.71872735e-04  8.11886011e-02 
 3.72872735e-04  3.58117063e-02  3.72872735e-04  8.11886011e-02 
 3.73872735e-04  3.58117063e-02  3.73872735e-04  8.11886011e-02 
 3.74872735e-04  3.58117063e-02  3.74872735e-04  8.11886011e-02 
 3.75872735e-04  3.58117063e-02  3.75872735e-04  8.11886011e-02 
 3.76872735e-04  3.58117063e-02  3.76872735e-04  8.11886011e-02 
 3.77872735e-04  3.58117063e-02  3.77872735e-04  8.11886011e-02 
 3.78872735e-04  3.58117063e-02  3.78872735e-04  8.11886011e-02 
 3.79872735e-04  3.58117063e-02  3.79872735e-04  8.11886011e-02 
 3.80872735e-04  3.58117063e-02  3.80872735e-04  8.11886011e-02 
 3.81872735e-04  3.58117063e-02  3.81872735e-04  8.11886011e-02 
 3.82872735e-04  3.58117063e-02  3.82872735e-04  8.11886011e-02 
 3.83872735e-04  3.58117063e-02  3.83872735e-04  8.11886011e-02 
 3.84872735e-04  3.58117063e-02  3.84872735e-04  8.11886011e-02 
 3.85872735e-04  3.58117063e-02  3.85872735e-04  8.11886011e-02 
 3.86872735e-04  3.58117063e-02  3.86872735e-04  8.11886011e-02 
 3.87872735e-04  3.58117063e-02  3.87872735e-04  8.11886011e-02 
 3.88872735e-04  3.58117063e-02  3.88872735e-04  8.11886011e-02 
 3.89872735e-04  3.58117063e-02  3.89872735e-04  8.11886011e-02 
 3.90872735e-04  3.58117063e-02  3.90872735e-04  8.11886011e-02 
 3.91872735e-04  3.58117063e-02  3.91872735e-04  8.11886011e-02 
 3.92872735e-04  3.58117063e-02  3.92872735e-04  8.11886011e-02 
 3.93872735e-04  3.58117063e-02  3.93872735e-04  8.11886011e-02 
 3.94872735e-04  3.58117063e-02  3.94872735e-04  8.11886011e-02 
 3.95872735e-04  3.58117063e-02  3.95872735e-04  8.11886011e-02 
 3.96872735e-04  3.58117063e-02  3.96872735e-04  8.11886011e-02 
 3.97872735e-04  3.58117063e-02  3.97872735e-04  8.11886011e-02 
 3.98872735e-04  3.58117063e-02  3.98872735e-04  8.11886011e-02 
 3.99872735e-04  3.58117063e-02  3.99872735e-04  8.11886011e-02 
 4.00872735e-04  3.58117063e-02  4.00872735e-04  8.11886011e-02 
 4.01000000e-04  3.58117063e-02  4.01000000e-04  8.11886011e-02 
