Title: test opamp tran
Date: Wed Sep 16 09:56:06  2026
Command: ngspice-45.2, Build Sep  6 2025   16:26:01
Plotname: Transient Analysis
Flags: real
No. Variables: 3
No. Points: 468
Variables:
	0	time	time
	1	v(vout3)	voltage
	2	v(visr)	voltage
Values:
 0	0.000000000000000e+00
	3.005563377464568e-01
	3.000000000000000e-01

 1	1.000000000000000e-08
	3.005563377576383e-01
	3.000000000000000e-01

 2	2.000000000000000e-08
	3.005563377687612e-01
	3.000000000000000e-01

 3	4.000000000000000e-08
	3.005563377908402e-01
	3.000000000000000e-01

 4	8.000000000000000e-08
	3.005563377794224e-01
	3.000000000000000e-01

 5	1.600000000000000e-07
	3.005563376693645e-01
	3.000000000000000e-01

 6	3.200000000000000e-07
	3.005563375367415e-01
	3.000000000000000e-01

 7	6.400000000000000e-07
	3.005563374364129e-01
	3.000000000000000e-01

 8	1.000000000000000e-06
	3.005563376718634e-01
	3.000000000000000e-01

 9	1.000000100000000e-06
	3.005564507166091e-01
	3.199999999878466e-01

 10	1.000000300000000e-06
	3.005566750673411e-01
	3.600000000058914e-01

 11	1.000000700000000e-06
	3.005571175288991e-01
	4.399999999996294e-01

 12	1.000001000000000e-06
	3.005574405562860e-01
	5.000000000000000e-01

 13	1.000001080000000e-06
	3.005574438066165e-01
	5.000000000000000e-01

 14	1.000001240000000e-06
	3.005574454509382e-01
	5.000000000000000e-01

 15	1.000001560000000e-06
	3.005574456843101e-01
	5.000000000000000e-01

 16	1.000002200000000e-06
	3.005574493015513e-01
	5.000000000000000e-01

 17	1.000003480000000e-06
	3.005574535990201e-01
	5.000000000000000e-01

 18	1.000006040000000e-06
	3.005574649337854e-01
	5.000000000000000e-01

 19	1.000011160000000e-06
	3.005574846212112e-01
	5.000000000000000e-01

 20	1.000021400000001e-06
	3.005575257003181e-01
	5.000000000000000e-01

 21	1.000041880000001e-06
	3.005576011595657e-01
	5.000000000000000e-01

 22	1.000082840000002e-06
	3.005577385722046e-01
	5.000000000000000e-01

 23	1.000164760000004e-06
	3.005579458314029e-01
	5.000000000000000e-01

 24	1.000328600000009e-06
	3.005581115315424e-01
	5.000000000000000e-01

 25	1.000656280000018e-06
	3.005575734903512e-01
	5.000000000000000e-01

 26	1.001311640000036e-06
	3.005543000014088e-01
	5.000000000000000e-01

 27	1.002622360000072e-06
	3.005442230540685e-01
	5.000000000000000e-01

 28	1.005243800000145e-06
	3.005193598325495e-01
	5.000000000000000e-01

 29	1.010486680000290e-06
	3.004604418755534e-01
	5.000000000000000e-01

 30	1.020972440000579e-06
	3.003283650556312e-01
	5.000000000000000e-01

 31	1.041943960001158e-06
	3.000653889794773e-01
	5.000000000000000e-01

 32	1.083887000002316e-06
	2.996403967323178e-01
	5.000000000000000e-01

 33	1.159450060460218e-06
	2.991428439182297e-01
	5.000000000000000e-01

 34	1.280151354662087e-06
	2.986982011602856e-01
	5.000000000000000e-01

 35	1.422354451708531e-06
	2.985817775393695e-01
	5.000000000000000e-01

 36	1.586596000477414e-06
	2.990875930235132e-01
	5.000000000000000e-01

 37	1.808755386400083e-06
	3.011134822678769e-01
	5.000000000000000e-01

 38	2.012913035484498e-06
	3.045754674093908e-01
	5.000000000000000e-01

 39	2.421228333653327e-06
	3.168506662723611e-01
	5.000000000000000e-01

 40	3.237858929990985e-06
	3.607915552161550e-01
	5.000000000000000e-01

 41	4.237858929990985e-06
	4.314979732119454e-01
	5.000000000000000e-01

 42	5.237858929990984e-06
	4.935846949017911e-01
	5.000000000000000e-01

 43	6.237858929990984e-06
	5.335013380598225e-01
	5.000000000000000e-01

 44	7.237858929990984e-06
	5.558684626203800e-01
	5.000000000000000e-01

 45	8.237858929990984e-06
	5.627193120129123e-01
	5.000000000000000e-01

 46	9.237858929990985e-06
	5.240549335877871e-01
	5.000000000000000e-01

 47	1.023785892999099e-05
	4.894725880343289e-01
	5.000000000000000e-01

 48	1.123785892999099e-05
	4.955832779888562e-01
	5.000000000000000e-01

 49	1.223785892999099e-05
	5.019434143341993e-01
	5.000000000000000e-01

 50	1.323785892999099e-05
	5.055847545796217e-01
	5.000000000000000e-01

 51	1.423785892999099e-05
	5.029369708185750e-01
	5.000000000000000e-01

 52	1.523785892999099e-05
	4.988324115182245e-01
	5.000000000000000e-01

 53	1.623785892999099e-05
	4.981046251698592e-01
	5.000000000000000e-01

 54	1.723785892999099e-05
	4.987493333169153e-01
	5.000000000000000e-01

 55	1.823785892999099e-05
	4.994619079351421e-01
	5.000000000000000e-01

 56	1.923785892999099e-05
	4.997812422097466e-01
	5.000000000000000e-01

 57	2.023785892999099e-05
	4.998505374176770e-01
	5.000000000000000e-01

 58	2.123785892999099e-05
	4.998927178362220e-01
	5.000000000000000e-01

 59	2.223785892999099e-05
	4.999821420812596e-01
	5.000000000000000e-01

 60	2.323785892999099e-05
	5.000800052387988e-01
	5.000000000000000e-01

 61	2.423785892999099e-05
	5.001643298692574e-01
	5.000000000000000e-01

 62	2.523785892999099e-05
	5.002265618474393e-01
	5.000000000000000e-01

 63	2.623785892999100e-05
	5.002774766795913e-01
	5.000000000000000e-01

 64	2.723785892999100e-05
	5.003199312587407e-01
	5.000000000000000e-01

 65	2.823785892999100e-05
	5.003576376577825e-01
	5.000000000000000e-01

 66	2.923785892999100e-05
	5.003890231853565e-01
	5.000000000000000e-01

 67	3.023785892999100e-05
	5.004161135668395e-01
	5.000000000000000e-01

 68	3.123785892999099e-05
	5.004385048037180e-01
	5.000000000000000e-01

 69	3.223785892999099e-05
	5.004579069214146e-01
	5.000000000000000e-01

 70	3.323785892999099e-05
	5.004740295488046e-01
	5.000000000000000e-01

 71	3.423785892999099e-05
	5.004880325209216e-01
	5.000000000000000e-01

 72	3.523785892999098e-05
	5.004996553727860e-01
	5.000000000000000e-01

 73	3.623785892999098e-05
	5.005097691727347e-01
	5.000000000000000e-01

 74	3.723785892999098e-05
	5.005181415929562e-01
	5.000000000000000e-01

 75	3.823785892999098e-05
	5.005254622802912e-01
	5.000000000000000e-01

 76	3.923785892999097e-05
	5.005314965686887e-01
	5.000000000000000e-01

 77	4.023785892999097e-05
	5.005370722934722e-01
	5.000000000000000e-01

 78	4.123785892999097e-05
	5.005416460064515e-01
	5.000000000000000e-01

 79	4.223785892999096e-05
	5.005453162136166e-01
	5.000000000000000e-01

 80	4.323785892999096e-05
	5.005483144418751e-01
	5.000000000000000e-01

 81	4.423785892999096e-05
	5.005511250910606e-01
	5.000000000000000e-01

 82	4.523785892999096e-05
	5.005533822128136e-01
	5.000000000000000e-01

 83	4.623785892999095e-05
	5.005554435510227e-01
	5.000000000000000e-01

 84	4.723785892999095e-05
	5.005570438852014e-01
	5.000000000000000e-01

 85	4.823785892999095e-05
	5.005585443052919e-01
	5.000000000000000e-01

 86	4.923785892999094e-05
	5.005596868165447e-01
	5.000000000000000e-01

 87	5.023785892999094e-05
	5.005607900691411e-01
	5.000000000000000e-01

 88	5.123785892999094e-05
	5.005616028782571e-01
	5.000000000000000e-01

 89	5.223785892999094e-05
	5.005624157096812e-01
	5.000000000000000e-01

 90	5.323785892999093e-05
	5.005629883876407e-01
	5.000000000000000e-01

 91	5.423785892999093e-05
	5.005635923670876e-01
	5.000000000000000e-01

 92	5.523785892999093e-05
	5.005639937030418e-01
	5.000000000000000e-01

 93	5.623785892999092e-05
	5.005644441888002e-01
	5.000000000000000e-01

 94	5.723785892999092e-05
	5.005647190622549e-01
	5.000000000000000e-01

 95	5.823785892999092e-05
	5.005650600624663e-01
	5.000000000000000e-01

 96	5.923785892999092e-05
	5.005652475781506e-01
	5.000000000000000e-01

 97	6.023785892999091e-05
	5.005655056194364e-01
	5.000000000000000e-01

 98	6.123785892999092e-05
	5.005656279663430e-01
	5.000000000000000e-01

 99	6.223785892999091e-05
	5.005658274111425e-01
	5.000000000000000e-01

 100	6.323785892999091e-05
	5.005659055470629e-01
	5.000000000000000e-01

 101	6.423785892999091e-05
	5.005660619949712e-01
	5.000000000000000e-01

 102	6.523785892999091e-05
	5.005661043771547e-01
	5.000000000000000e-01

 103	6.623785892999090e-05
	5.005662301074815e-01
	5.000000000000000e-01

 104	6.723785892999090e-05
	5.005662513102757e-01
	5.000000000000000e-01

 105	6.823785892999090e-05
	5.005663514055070e-01
	5.000000000000000e-01

 106	6.923785892999090e-05
	5.005663555098631e-01
	5.000000000000000e-01

 107	7.023785892999089e-05
	5.005664406351235e-01
	5.000000000000000e-01

 108	7.123785892999089e-05
	5.005664325355373e-01
	5.000000000000000e-01

 109	7.223785892999089e-05
	5.005665035164345e-01
	5.000000000000000e-01

 110	7.323785892999088e-05
	5.005664863765157e-01
	5.000000000000000e-01

 111	7.423785892999088e-05
	5.005665486480425e-01
	5.000000000000000e-01

 112	7.523785892999088e-05
	5.005665285367691e-01
	5.000000000000000e-01

 113	7.623785892999088e-05
	5.005665836327873e-01
	5.000000000000000e-01

 114	7.723785892999087e-05
	5.005665559457094e-01
	5.000000000000000e-01

 115	7.823785892999087e-05
	5.005666061941133e-01
	5.000000000000000e-01

 116	7.923785892999087e-05
	5.005665777461353e-01
	5.000000000000000e-01

 117	8.023785892999086e-05
	5.005666238313927e-01
	5.000000000000000e-01

 118	8.123785892999086e-05
	5.005665927671638e-01
	5.000000000000000e-01

 119	8.223785892999086e-05
	5.005666358088262e-01
	5.000000000000000e-01

 120	8.323785892999086e-05
	5.005666047772577e-01
	5.000000000000000e-01

 121	8.423785892999085e-05
	5.005666450467230e-01
	5.000000000000000e-01

 122	8.523785892999085e-05
	5.005666112438836e-01
	5.000000000000000e-01

 123	8.623785892999085e-05
	5.005666506617669e-01
	5.000000000000000e-01

 124	8.723785892999084e-05
	5.005666182902528e-01
	5.000000000000000e-01

 125	8.823785892999084e-05
	5.005666558730995e-01
	5.000000000000000e-01

 126	8.923785892999084e-05
	5.005666209897882e-01
	5.000000000000000e-01

 127	9.023785892999084e-05
	5.005666595886886e-01
	5.000000000000000e-01

 128	9.123785892999083e-05
	5.005666258966992e-01
	5.000000000000000e-01

 129	9.223785892999083e-05
	5.005666609412039e-01
	5.000000000000000e-01

 130	9.323785892999083e-05
	5.005666270781421e-01
	5.000000000000000e-01

 131	9.423785892999083e-05
	5.005666624636308e-01
	5.000000000000000e-01

 132	9.523785892999082e-05
	5.005666286822346e-01
	5.000000000000000e-01

 133	9.623785892999082e-05
	5.005666634612652e-01
	5.000000000000000e-01

 134	9.723785892999082e-05
	5.005666285598468e-01
	5.000000000000000e-01

 135	9.823785892999081e-05
	5.005666638249990e-01
	5.000000000000000e-01

 136	9.923785892999081e-05
	5.005666306977262e-01
	5.000000000000000e-01

 137	1.002378589299908e-04
	5.005666661313486e-01
	5.000000000000000e-01

 138	1.012378589299908e-04
	5.005666316071870e-01
	5.000000000000000e-01

 139	1.022378589299908e-04
	5.005666648077305e-01
	5.000000000000000e-01

 140	1.032378589299908e-04
	5.005666311791500e-01
	5.000000000000000e-01

 141	1.042378589299908e-04
	5.005666649668780e-01
	5.000000000000000e-01

 142	1.052378589299908e-04
	5.005666314953144e-01
	5.000000000000000e-01

 143	1.062378589299908e-04
	5.005666649425780e-01
	5.000000000000000e-01

 144	1.072378589299908e-04
	5.005666315746174e-01
	5.000000000000000e-01

 145	1.082378589299908e-04
	5.005666650214536e-01
	5.000000000000000e-01

 146	1.092378589299908e-04
	5.005666318069557e-01
	5.000000000000000e-01

 147	1.102378589299908e-04
	5.005666649739116e-01
	5.000000000000000e-01

 148	1.112378589299908e-04
	5.005666316643563e-01
	5.000000000000000e-01

 149	1.122378589299908e-04
	5.005666647623822e-01
	5.000000000000000e-01

 150	1.132378589299908e-04
	5.005666316331738e-01
	5.000000000000000e-01

 151	1.142378589299908e-04
	5.005666658757247e-01
	5.000000000000000e-01

 152	1.152378589299908e-04
	5.005666320707115e-01
	5.000000000000000e-01

 153	1.162378589299908e-04
	5.005666641242359e-01
	5.000000000000000e-01

 154	1.172378589299908e-04
	5.005666311420381e-01
	5.000000000000000e-01

 155	1.182378589299908e-04
	5.005666640813651e-01
	5.000000000000000e-01

 156	1.192378589299908e-04
	5.005666313703931e-01
	5.000000000000000e-01

 157	1.202378589299908e-04
	5.005666640314266e-01
	5.000000000000000e-01

 158	1.212378589299907e-04
	5.005666325130709e-01
	5.000000000000000e-01

 159	1.222378589299907e-04
	5.005666642860179e-01
	5.000000000000000e-01

 160	1.232378589299907e-04
	5.005666309334948e-01
	5.000000000000000e-01

 161	1.242378589299907e-04
	5.005666632898020e-01
	5.000000000000000e-01

 162	1.252378589299907e-04
	5.005666308507870e-01
	5.000000000000000e-01

 163	1.262378589299907e-04
	5.005666633398799e-01
	5.000000000000000e-01

 164	1.272378589299907e-04
	5.005666308852915e-01
	5.000000000000000e-01

 165	1.282378589299907e-04
	5.005666631545560e-01
	5.000000000000000e-01

 166	1.292378589299907e-04
	5.005666307555873e-01
	5.000000000000000e-01

 167	1.302378589299907e-04
	5.005666630568467e-01
	5.000000000000000e-01

 168	1.312378589299907e-04
	5.005666306918590e-01
	5.000000000000000e-01

 169	1.322378589299907e-04
	5.005666627346361e-01
	5.000000000000000e-01

 170	1.332378589299907e-04
	5.005666305078864e-01
	5.000000000000000e-01

 171	1.342378589299907e-04
	5.005666625345379e-01
	5.000000000000000e-01

 172	1.352378589299907e-04
	5.005666304086464e-01
	5.000000000000000e-01

 173	1.362378589299907e-04
	5.005666623437958e-01
	5.000000000000000e-01

 174	1.372378589299907e-04
	5.005666315328544e-01
	5.000000000000000e-01

 175	1.382378589299907e-04
	5.005666626208043e-01
	5.000000000000000e-01

 176	1.392378589299907e-04
	5.005666298293717e-01
	5.000000000000000e-01

 177	1.402378589299907e-04
	5.005666615696140e-01
	5.000000000000000e-01

 178	1.412378589299907e-04
	5.005666298495376e-01
	5.000000000000000e-01

 179	1.422378589299907e-04
	5.005666617969670e-01
	5.000000000000000e-01

 180	1.432378589299907e-04
	5.005666299108287e-01
	5.000000000000000e-01

 181	1.442378589299907e-04
	5.005666614637462e-01
	5.000000000000000e-01

 182	1.452378589299907e-04
	5.005666296867963e-01
	5.000000000000000e-01

 183	1.462378589299907e-04
	5.005666612618771e-01
	5.000000000000000e-01

 184	1.472378589299907e-04
	5.005666307329620e-01
	5.000000000000000e-01

 185	1.482378589299907e-04
	5.005666615308693e-01
	5.000000000000000e-01

 186	1.492378589299907e-04
	5.005666292796829e-01
	5.000000000000000e-01

 187	1.502378589299907e-04
	5.005666607134736e-01
	5.000000000000000e-01

 188	1.512378589299907e-04
	5.005666292147489e-01
	5.000000000000000e-01

 189	1.522378589299907e-04
	5.005666606201438e-01
	5.000000000000000e-01

 190	1.532378589299907e-04
	5.005666290466850e-01
	5.000000000000000e-01

 191	1.542378589299907e-04
	5.005666605174734e-01
	5.000000000000000e-01

 192	1.552378589299907e-04
	5.005666291072126e-01
	5.000000000000000e-01

 193	1.562378589299907e-04
	5.005666602812029e-01
	5.000000000000000e-01

 194	1.572378589299906e-04
	5.005666300631382e-01
	5.000000000000000e-01

 195	1.582378589299906e-04
	5.005666605242476e-01
	5.000000000000000e-01

 196	1.592378589299906e-04
	5.005666286222571e-01
	5.000000000000000e-01

 197	1.602378589299906e-04
	5.005666597307989e-01
	5.000000000000000e-01

 198	1.612378589299906e-04
	5.005666284573808e-01
	5.000000000000000e-01

 199	1.622378589299906e-04
	5.005666597130665e-01
	5.000000000000000e-01

 200	1.632378589299906e-04
	5.005666285749163e-01
	5.000000000000000e-01

 201	1.642378589299906e-04
	5.005666594927859e-01
	5.000000000000000e-01

 202	1.652378589299906e-04
	5.005666295330941e-01
	5.000000000000000e-01

 203	1.662378589299906e-04
	5.005666597430789e-01
	5.000000000000000e-01

 204	1.672378589299906e-04
	5.005666281033441e-01
	5.000000000000000e-01

 205	1.682378589299906e-04
	5.005666589620792e-01
	5.000000000000000e-01

 206	1.692378589299906e-04
	5.005666279486031e-01
	5.000000000000000e-01

 207	1.702378589299906e-04
	5.005666589537602e-01
	5.000000000000000e-01

 208	1.712378589299906e-04
	5.005666293212061e-01
	5.000000000000000e-01

 209	1.722378589299906e-04
	5.005666592242005e-01
	5.000000000000000e-01

 210	1.732378589299906e-04
	5.005666275743748e-01
	5.000000000000000e-01

 211	1.742378589299906e-04
	5.005666583045000e-01
	5.000000000000000e-01

 212	1.752378589299906e-04
	5.005666275692002e-01
	5.000000000000000e-01

 213	1.762378589299906e-04
	5.005666584130142e-01
	5.000000000000000e-01

 214	1.772378589299906e-04
	5.005666289684800e-01
	5.000000000000000e-01

 215	1.782378589299906e-04
	5.005666574239632e-01
	5.000000000000000e-01

 216	1.792378589299906e-04
	5.005666267318124e-01
	5.000000000000000e-01

 217	1.802378589299906e-04
	5.005666579749976e-01
	5.000000000000000e-01

 218	1.812378589299906e-04
	5.005666275420370e-01
	5.000000000000000e-01

 219	1.822378589299906e-04
	5.005666580731213e-01
	5.000000000000000e-01

 220	1.832378589299906e-04
	5.005666286985822e-01
	5.000000000000000e-01

 221	1.842378589299906e-04
	5.005666581854984e-01
	5.000000000000000e-01

 222	1.852378589299906e-04
	5.005666269288537e-01
	5.000000000000000e-01

 223	1.862378589299906e-04
	5.005666572838574e-01
	5.000000000000000e-01

 224	1.872378589299906e-04
	5.005666269393191e-01
	5.000000000000000e-01

 225	1.882378589299906e-04
	5.005666573866622e-01
	5.000000000000000e-01

 226	1.892378589299906e-04
	5.005666282240223e-01
	5.000000000000000e-01

 227	1.902378589299906e-04
	5.005666577056551e-01
	5.000000000000000e-01

 228	1.912378589299906e-04
	5.005666266450135e-01
	5.000000000000000e-01

 229	1.922378589299906e-04
	5.005666554852319e-01
	5.000000000000000e-01

 230	1.932378589299905e-04
	5.005666274572572e-01
	5.000000000000000e-01

 231	1.942378589299905e-04
	5.005666574637330e-01
	5.000000000000000e-01

 232	1.952378589299905e-04
	5.005666266889278e-01
	5.000000000000000e-01

 233	1.962378589299905e-04
	5.005666565592719e-01
	5.000000000000000e-01

 234	1.972378589299905e-04
	5.005666264314441e-01
	5.000000000000000e-01

 235	1.982378589299905e-04
	5.005666565180313e-01
	5.000000000000000e-01

 236	1.992378589299905e-04
	5.005666277252705e-01
	5.000000000000000e-01

 237	2.002378589299905e-04
	5.005666568741025e-01
	5.000000000000000e-01

 238	2.010000010000000e-04
	5.005666263495052e-01
	5.000000000000000e-01

 239	2.010000011000000e-04
	5.005665187575583e-01
	4.799999989957139e-01

 240	2.010000013000000e-04
	5.005663030233884e-01
	4.399999969871417e-01

 241	2.010000017000000e-04
	5.005658674526351e-01
	3.599999983910080e-01

 242	2.010000020000000e-04
	5.005655388176489e-01
	3.000000000000000e-01

 243	2.010000020800000e-04
	5.005655376016978e-01
	3.000000000000000e-01

 244	2.010000022400000e-04
	5.005655331857246e-01
	3.000000000000000e-01

 245	2.010000025600000e-04
	5.005655245157842e-01
	3.000000000000000e-01

 246	2.010000032000000e-04
	5.005655062646758e-01
	3.000000000000000e-01

 247	2.010000044800000e-04
	5.005654710441826e-01
	3.000000000000000e-01

 248	2.010000070399999e-04
	5.005654008605666e-01
	3.000000000000000e-01

 249	2.010000121599999e-04
	5.005652661706050e-01
	3.000000000000000e-01

 250	2.010000223999999e-04
	5.005650135474087e-01
	3.000000000000000e-01

 251	2.010000428799998e-04
	5.005645723318670e-01
	3.000000000000000e-01

 252	2.010000838399996e-04
	5.005638915295356e-01
	3.000000000000000e-01

 253	2.010001657599993e-04
	5.005630848648875e-01
	3.000000000000000e-01

 254	2.010003295999986e-04
	5.005626489655819e-01
	3.000000000000000e-01

 255	2.010006572799973e-04
	5.005636117803712e-01
	3.000000000000000e-01

 256	2.010013126399947e-04
	5.005676182796200e-01
	3.000000000000000e-01

 257	2.010026233599895e-04
	5.005781882445368e-01
	3.000000000000000e-01

 258	2.010052447999790e-04
	5.006055760373297e-01
	3.000000000000000e-01

 259	2.010104876799581e-04
	5.006737924271916e-01
	3.000000000000000e-01

 260	2.010209734399162e-04
	5.008196580750093e-01
	3.000000000000000e-01

 261	2.010419449598324e-04
	5.010763270439456e-01
	3.000000000000000e-01

 262	2.010838879996648e-04
	5.012830372584879e-01
	3.000000000000000e-01

 263	2.011677740793296e-04
	4.987598738487904e-01
	3.000000000000000e-01

 264	2.012955412773869e-04
	4.860064461017631e-01
	3.000000000000000e-01

 265	2.014937603292700e-04
	4.625334849679377e-01
	3.000000000000000e-01

 266	2.018468741805498e-04
	4.316950348255841e-01
	3.000000000000000e-01

 267	2.021888277040809e-04
	4.028003639108637e-01
	3.000000000000000e-01

 268	2.028727347511432e-04
	3.581612028433854e-01
	3.000000000000000e-01

 269	2.038727347511432e-04
	3.231017544385544e-01
	3.000000000000000e-01

 270	2.048727347511432e-04
	3.061834884805209e-01
	3.000000000000000e-01

 271	2.058727347511432e-04
	3.030834758032112e-01
	3.000000000000000e-01

 272	2.068727347511432e-04
	3.010126738338518e-01
	3.000000000000000e-01

 273	2.078727347511432e-04
	3.006474867369598e-01
	3.000000000000000e-01

 274	2.088727347511432e-04
	3.008637566715331e-01
	3.000000000000000e-01

 275	2.098727347511432e-04
	3.008397277026222e-01
	3.000000000000000e-01

 276	2.108727347511432e-04
	3.008173660457629e-01
	3.000000000000000e-01

 277	2.118727347511432e-04
	3.007404698965507e-01
	3.000000000000000e-01

 278	2.128727347511432e-04
	3.007313919440890e-01
	3.000000000000000e-01

 279	2.138727347511432e-04
	3.006923451976473e-01
	3.000000000000000e-01

 280	2.148727347511432e-04
	3.006837535425054e-01
	3.000000000000000e-01

 281	2.158727347511432e-04
	3.006565316736232e-01
	3.000000000000000e-01

 282	2.168727347511432e-04
	3.006477300414830e-01
	3.000000000000000e-01

 283	2.178727347511432e-04
	3.006294669497591e-01
	3.000000000000000e-01

 284	2.188727347511431e-04
	3.006221015740926e-01
	3.000000000000000e-01

 285	2.198727347511431e-04
	3.006097267286643e-01
	3.000000000000000e-01

 286	2.208727347511431e-04
	3.006037303791665e-01
	3.000000000000000e-01

 287	2.218727347511431e-04
	3.005952402324868e-01
	3.000000000000000e-01

 288	2.228727347511431e-04
	3.005905126633955e-01
	3.000000000000000e-01

 289	2.238727347511431e-04
	3.005846497548794e-01
	3.000000000000000e-01

 290	2.248727347511431e-04
	3.005809986848339e-01
	3.000000000000000e-01

 291	2.258727347511431e-04
	3.005769261338047e-01
	3.000000000000000e-01

 292	2.268727347511431e-04
	3.005741435084941e-01
	3.000000000000000e-01

 293	2.278727347511431e-04
	3.005712994357627e-01
	3.000000000000000e-01

 294	2.288727347511431e-04
	3.005691985532925e-01
	3.000000000000000e-01

 295	2.298727347511431e-04
	3.005672059572357e-01
	3.000000000000000e-01

 296	2.308727347511431e-04
	3.005656313493184e-01
	3.000000000000000e-01

 297	2.318727347511431e-04
	3.005642327893556e-01
	3.000000000000000e-01

 298	2.328727347511431e-04
	3.005630559007729e-01
	3.000000000000000e-01

 299	2.338727347511431e-04
	3.005620727164421e-01
	3.000000000000000e-01

 300	2.348727347511431e-04
	3.005611951774141e-01
	3.000000000000000e-01

 301	2.358727347511431e-04
	3.005605048456930e-01
	3.000000000000000e-01

 302	2.368727347511431e-04
	3.005598502762263e-01
	3.000000000000000e-01

 303	2.378727347511431e-04
	3.005593678398056e-01
	3.000000000000000e-01

 304	2.388727347511431e-04
	3.005588797448082e-01
	3.000000000000000e-01

 305	2.398727347511431e-04
	3.005585427735408e-01
	3.000000000000000e-01

 306	2.408727347511431e-04
	3.005581769680505e-01
	3.000000000000000e-01

 307	2.418727347511431e-04
	3.005579442936864e-01
	3.000000000000000e-01

 308	2.428727347511431e-04
	3.005576690559069e-01
	3.000000000000000e-01

 309	2.438727347511431e-04
	3.005575112956183e-01
	3.000000000000000e-01

 310	2.448727347511431e-04
	3.005573019088543e-01
	3.000000000000000e-01

 311	2.458727347511431e-04
	3.005571969290189e-01
	3.000000000000000e-01

 312	2.468727347511432e-04
	3.005570365423206e-01
	3.000000000000000e-01

 313	2.478727347511432e-04
	3.005569691697729e-01
	3.000000000000000e-01

 314	2.488727347511432e-04
	3.005568439020585e-01
	3.000000000000000e-01

 315	2.498727347511432e-04
	3.005568030415605e-01
	3.000000000000000e-01

 316	2.508727347511432e-04
	3.005567044257422e-01
	3.000000000000000e-01

 317	2.518727347511433e-04
	3.005566837177564e-01
	3.000000000000000e-01

 318	2.528727347511433e-04
	3.005566035820200e-01
	3.000000000000000e-01

 319	2.538727347511433e-04
	3.005565966063637e-01
	3.000000000000000e-01

 320	2.548727347511433e-04
	3.005565307100893e-01
	3.000000000000000e-01

 321	2.558727347511434e-04
	3.005565333558146e-01
	3.000000000000000e-01

 322	2.568727347511434e-04
	3.005564784679196e-01
	3.000000000000000e-01

 323	2.578727347511434e-04
	3.005564879491122e-01
	3.000000000000000e-01

 324	2.588727347511434e-04
	3.005564400463425e-01
	3.000000000000000e-01

 325	2.598727347511435e-04
	3.005564545344402e-01
	3.000000000000000e-01

 326	2.608727347511435e-04
	3.005564119394764e-01
	3.000000000000000e-01

 327	2.618727347511435e-04
	3.005564293120310e-01
	3.000000000000000e-01

 328	2.628727347511435e-04
	3.005563920421550e-01
	3.000000000000000e-01

 329	2.638727347511436e-04
	3.005564117603904e-01
	3.000000000000000e-01

 330	2.648727347511436e-04
	3.005563778554813e-01
	3.000000000000000e-01

 331	2.658727347511436e-04
	3.005563987235169e-01
	3.000000000000000e-01

 332	2.668727347511436e-04
	3.005563674168920e-01
	3.000000000000000e-01

 333	2.678727347511437e-04
	3.005563889991132e-01
	3.000000000000000e-01

 334	2.688727347511437e-04
	3.005563592285197e-01
	3.000000000000000e-01

 335	2.698727347511437e-04
	3.005563814827913e-01
	3.000000000000000e-01

 336	2.708727347511437e-04
	3.005563539660653e-01
	3.000000000000000e-01

 337	2.718727347511438e-04
	3.005563754491569e-01
	3.000000000000000e-01

 338	2.728727347511438e-04
	3.005563498383796e-01
	3.000000000000000e-01

 339	2.738727347511438e-04
	3.005563721433978e-01
	3.000000000000000e-01

 340	2.748727347511438e-04
	3.005563475011923e-01
	3.000000000000000e-01

 341	2.758727347511439e-04
	3.005563688387829e-01
	3.000000000000000e-01

 342	2.768727347511439e-04
	3.005563453490500e-01
	3.000000000000000e-01

 343	2.778727347511439e-04
	3.005563662266483e-01
	3.000000000000000e-01

 344	2.788727347511439e-04
	3.005563438699150e-01
	3.000000000000000e-01

 345	2.798727347511440e-04
	3.005563641567754e-01
	3.000000000000000e-01

 346	2.808727347511440e-04
	3.005563422288778e-01
	3.000000000000000e-01

 347	2.818727347511440e-04
	3.005563622563690e-01
	3.000000000000000e-01

 348	2.828727347511440e-04
	3.005563423197063e-01
	3.000000000000000e-01

 349	2.838727347511441e-04
	3.005563611881936e-01
	3.000000000000000e-01

 350	2.848727347511441e-04
	3.005563410320188e-01
	3.000000000000000e-01

 351	2.858727347511441e-04
	3.005563602746542e-01
	3.000000000000000e-01

 352	2.868727347511441e-04
	3.005563417783159e-01
	3.000000000000000e-01

 353	2.878727347511441e-04
	3.005563587888873e-01
	3.000000000000000e-01

 354	2.888727347511442e-04
	3.005563403209466e-01
	3.000000000000000e-01

 355	2.898727347511442e-04
	3.005563574164358e-01
	3.000000000000000e-01

 356	2.908727347511442e-04
	3.005563411299618e-01
	3.000000000000000e-01

 357	2.918727347511442e-04
	3.005563570204733e-01
	3.000000000000000e-01

 358	2.928727347511443e-04
	3.005563401974076e-01
	3.000000000000000e-01

 359	2.938727347511443e-04
	3.005563558618253e-01
	3.000000000000000e-01

 360	2.948727347511443e-04
	3.005563402811454e-01
	3.000000000000000e-01

 361	2.958727347511443e-04
	3.005563552362383e-01
	3.000000000000000e-01

 362	2.968727347511444e-04
	3.005563403034689e-01
	3.000000000000000e-01

 363	2.978727347511444e-04
	3.005563545553729e-01
	3.000000000000000e-01

 364	2.988727347511444e-04
	3.005563410343723e-01
	3.000000000000000e-01

 365	2.998727347511444e-04
	3.005563541523932e-01
	3.000000000000000e-01

 366	3.008727347511445e-04
	3.005563401638107e-01
	3.000000000000000e-01

 367	3.018727347511445e-04
	3.005563538665820e-01
	3.000000000000000e-01

 368	3.028727347511445e-04
	3.005563404571033e-01
	3.000000000000000e-01

 369	3.038727347511445e-04
	3.005563525289308e-01
	3.000000000000000e-01

 370	3.048727347511446e-04
	3.005563401103338e-01
	3.000000000000000e-01

 371	3.058727347511446e-04
	3.005563520208741e-01
	3.000000000000000e-01

 372	3.068727347511446e-04
	3.005563402323614e-01
	3.000000000000000e-01

 373	3.078727347511446e-04
	3.005563514949092e-01
	3.000000000000000e-01

 374	3.088727347511447e-04
	3.005563402675936e-01
	3.000000000000000e-01

 375	3.098727347511447e-04
	3.005563510572212e-01
	3.000000000000000e-01

 376	3.108727347511447e-04
	3.005563402238151e-01
	3.000000000000000e-01

 377	3.118727347511447e-04
	3.005563505409620e-01
	3.000000000000000e-01

 378	3.128727347511448e-04
	3.005563402023087e-01
	3.000000000000000e-01

 379	3.138727347511448e-04
	3.005563508034425e-01
	3.000000000000000e-01

 380	3.148727347511448e-04
	3.005563404147398e-01
	3.000000000000000e-01

 381	3.158727347511448e-04
	3.005563494179068e-01
	3.000000000000000e-01

 382	3.168727347511449e-04
	3.005563400030465e-01
	3.000000000000000e-01

 383	3.178727347511449e-04
	3.005563491052397e-01
	3.000000000000000e-01

 384	3.188727347511449e-04
	3.005563400556340e-01
	3.000000000000000e-01

 385	3.198727347511449e-04
	3.005563486603815e-01
	3.000000000000000e-01

 386	3.208727347511449e-04
	3.005563400315878e-01
	3.000000000000000e-01

 387	3.218727347511450e-04
	3.005563482799503e-01
	3.000000000000000e-01

 388	3.228727347511450e-04
	3.005563399789731e-01
	3.000000000000000e-01

 389	3.238727347511450e-04
	3.005563486740832e-01
	3.000000000000000e-01

 390	3.248727347511450e-04
	3.005563393865902e-01
	3.000000000000000e-01

 391	3.258727347511451e-04
	3.005563471063295e-01
	3.000000000000000e-01

 392	3.268727347511451e-04
	3.005563398215851e-01
	3.000000000000000e-01

 393	3.278727347511451e-04
	3.005563472333647e-01
	3.000000000000000e-01

 394	3.288727347511451e-04
	3.005563398256685e-01
	3.000000000000000e-01

 395	3.298727347511452e-04
	3.005563468109790e-01
	3.000000000000000e-01

 396	3.308727347511452e-04
	3.005563389486131e-01
	3.000000000000000e-01

 397	3.318727347511452e-04
	3.005563470130675e-01
	3.000000000000000e-01

 398	3.328727347511452e-04
	3.005563399479734e-01
	3.000000000000000e-01

 399	3.338727347511453e-04
	3.005563460947083e-01
	3.000000000000000e-01

 400	3.348727347511453e-04
	3.005563394069085e-01
	3.000000000000000e-01

 401	3.358727347511453e-04
	3.005563457939191e-01
	3.000000000000000e-01

 402	3.368727347511453e-04
	3.005563386744673e-01
	3.000000000000000e-01

 403	3.378727347511454e-04
	3.005563460860374e-01
	3.000000000000000e-01

 404	3.388727347511454e-04
	3.005563396953339e-01
	3.000000000000000e-01

 405	3.398727347511454e-04
	3.005563452015250e-01
	3.000000000000000e-01

 406	3.408727347511454e-04
	3.005563383959552e-01
	3.000000000000000e-01

 407	3.418727347511455e-04
	3.005563446914110e-01
	3.000000000000000e-01

 408	3.428727347511455e-04
	3.005563392094928e-01
	3.000000000000000e-01

 409	3.438727347511455e-04
	3.005563448603507e-01
	3.000000000000000e-01

 410	3.448727347511455e-04
	3.005563383092884e-01
	3.000000000000000e-01

 411	3.458727347511456e-04
	3.005563449661914e-01
	3.000000000000000e-01

 412	3.468727347511456e-04
	3.005563392452000e-01
	3.000000000000000e-01

 413	3.478727347511456e-04
	3.005563441947379e-01
	3.000000000000000e-01

 414	3.488727347511456e-04
	3.005563379701321e-01
	3.000000000000000e-01

 415	3.498727347511457e-04
	3.005563437166108e-01
	3.000000000000000e-01

 416	3.508727347511457e-04
	3.005563387534653e-01
	3.000000000000000e-01

 417	3.518727347511457e-04
	3.005563445933410e-01
	3.000000000000000e-01

 418	3.528727347511457e-04
	3.005563381091982e-01
	3.000000000000000e-01

 419	3.538727347511458e-04
	3.005563432014838e-01
	3.000000000000000e-01

 420	3.548727347511458e-04
	3.005563376243237e-01
	3.000000000000000e-01

 421	3.558727347511458e-04
	3.005563438558326e-01
	3.000000000000000e-01

 422	3.568727347511458e-04
	3.005563379879132e-01
	3.000000000000000e-01

 423	3.578727347511458e-04
	3.005563429012360e-01
	3.000000000000000e-01

 424	3.588727347511459e-04
	3.005563382122150e-01
	3.000000000000000e-01

 425	3.598727347511459e-04
	3.005563430669361e-01
	3.000000000000000e-01

 426	3.608727347511459e-04
	3.005563373270785e-01
	3.000000000000000e-01

 427	3.618727347511459e-04
	3.005563432272058e-01
	3.000000000000000e-01

 428	3.628727347511460e-04
	3.005563375477225e-01
	3.000000000000000e-01

 429	3.638727347511460e-04
	3.005563423551506e-01
	3.000000000000000e-01

 430	3.648727347511460e-04
	3.005563370975188e-01
	3.000000000000000e-01

 431	3.658727347511460e-04
	3.005563422647296e-01
	3.000000000000000e-01

 432	3.668727347511461e-04
	3.005563371111629e-01
	3.000000000000000e-01

 433	3.678727347511461e-04
	3.005563429198503e-01
	3.000000000000000e-01

 434	3.688727347511461e-04
	3.005563372426865e-01
	3.000000000000000e-01

 435	3.698727347511461e-04
	3.005563419081026e-01
	3.000000000000000e-01

 436	3.708727347511462e-04
	3.005563367227815e-01
	3.000000000000000e-01

 437	3.718727347511462e-04
	3.005563425687588e-01
	3.000000000000000e-01

 438	3.728727347511462e-04
	3.005563369768893e-01
	3.000000000000000e-01

 439	3.738727347511462e-04
	3.005563416293713e-01
	3.000000000000000e-01

 440	3.748727347511463e-04
	3.005563364521743e-01
	3.000000000000000e-01

 441	3.758727347511463e-04
	3.005563415594525e-01
	3.000000000000000e-01

 442	3.768727347511463e-04
	3.005563364599886e-01
	3.000000000000000e-01

 443	3.778727347511463e-04
	3.005563422435739e-01
	3.000000000000000e-01

 444	3.788727347511464e-04
	3.005563365816792e-01
	3.000000000000000e-01

 445	3.798727347511464e-04
	3.005563412066500e-01
	3.000000000000000e-01

 446	3.808727347511464e-04
	3.005563360882752e-01
	3.000000000000000e-01

 447	3.818727347511464e-04
	3.005563419706879e-01
	3.000000000000000e-01

 448	3.828727347511465e-04
	3.005563363021564e-01
	3.000000000000000e-01

 449	3.838727347511465e-04
	3.005563409762664e-01
	3.000000000000000e-01

 450	3.848727347511465e-04
	3.005563358035719e-01
	3.000000000000000e-01

 451	3.858727347511465e-04
	3.005563417467025e-01
	3.000000000000000e-01

 452	3.868727347511466e-04
	3.005563360201702e-01
	3.000000000000000e-01

 453	3.878727347511466e-04
	3.005563407663117e-01
	3.000000000000000e-01

 454	3.888727347511466e-04
	3.005563355226548e-01
	3.000000000000000e-01

 455	3.898727347511466e-04
	3.005563415480850e-01
	3.000000000000000e-01

 456	3.908727347511467e-04
	3.005563350125626e-01
	3.000000000000000e-01

 457	3.918727347511467e-04
	3.005563403443882e-01
	3.000000000000000e-01

 458	3.928727347511467e-04
	3.005563353960963e-01
	3.000000000000000e-01

 459	3.938727347511467e-04
	3.005563415407769e-01
	3.000000000000000e-01

 460	3.948727347511467e-04
	3.005563355669656e-01
	3.000000000000000e-01

 461	3.958727347511468e-04
	3.005563404545022e-01
	3.000000000000000e-01

 462	3.968727347511468e-04
	3.005563342801907e-01
	3.000000000000000e-01

 463	3.978727347511468e-04
	3.005563409654060e-01
	3.000000000000000e-01

 464	3.988727347511468e-04
	3.005563354180661e-01
	3.000000000000000e-01

 465	3.998727347511469e-04
	3.005563404950584e-01
	3.000000000000000e-01

 466	4.008727347511469e-04
	3.005563348329396e-01
	3.000000000000000e-01

 467	4.010000000000000e-04
	3.005563327141101e-01
	3.000000000000000e-01

