 0.00000000e+00  3.03224183e-01  0.00000000e+00  5.59910414e-01 
 1.00000000e-08  3.03224183e-01  1.00000000e-08  5.59910414e-01 
 2.00000000e-08  3.03224183e-01  2.00000000e-08  5.59910414e-01 
 4.00000000e-08  3.03224183e-01  4.00000000e-08  5.59910414e-01 
 8.00000000e-08  3.03224183e-01  8.00000000e-08  5.59910414e-01 
 1.60000000e-07  3.03224183e-01  1.60000000e-07  5.59910414e-01 
 3.20000000e-07  3.03224183e-01  3.20000000e-07  5.59910414e-01 
 6.40000000e-07  3.03224183e-01  6.40000000e-07  5.59910414e-01 
 1.00000000e-06  3.03224183e-01  1.00000000e-06  5.59910414e-01 
 1.00000010e-06  3.03224183e-01  1.00000010e-06  5.59910414e-01 
 1.00000030e-06  3.03224183e-01  1.00000030e-06  5.59910414e-01 
 1.00000070e-06  3.03224183e-01  1.00000070e-06  5.59910414e-01 
 1.00000100e-06  3.03224183e-01  1.00000100e-06  5.59910414e-01 
 1.00000108e-06  3.03224183e-01  1.00000108e-06  5.59910414e-01 
 1.00000124e-06  3.03224183e-01  1.00000124e-06  5.59910414e-01 
 1.00000156e-06  3.03224183e-01  1.00000156e-06  5.59910414e-01 
 1.00000220e-06  3.03224183e-01  1.00000220e-06  5.59910414e-01 
 1.00000348e-06  3.03224183e-01  1.00000348e-06  5.59910414e-01 
 1.00000604e-06  3.03224183e-01  1.00000604e-06  5.59910414e-01 
 1.00001116e-06  3.03224183e-01  1.00001116e-06  5.59910414e-01 
 1.00002140e-06  3.03224183e-01  1.00002140e-06  5.59910414e-01 
 1.00004188e-06  3.03224183e-01  1.00004188e-06  5.59910414e-01 
 1.00008284e-06  3.03224183e-01  1.00008284e-06  5.59910414e-01 
 1.00016476e-06  3.03224183e-01  1.00016476e-06  5.59910414e-01 
 1.00032860e-06  3.03224183e-01  1.00032860e-06  5.59910414e-01 
 1.00065628e-06  3.03224183e-01  1.00065628e-06  5.59910414e-01 
 1.00131164e-06  3.03224183e-01  1.00131164e-06  5.59910414e-01 
 1.00262236e-06  3.03224183e-01  1.00262236e-06  5.59910414e-01 
 1.00524380e-06  3.03224183e-01  1.00524380e-06  5.59910414e-01 
 1.00828546e-06  3.03224183e-01  1.00828546e-06  5.59910414e-01 
 1.01154083e-06  3.03224183e-01  1.01154083e-06  5.59910414e-01 
 1.01682125e-06  3.03224183e-01  1.01682125e-06  5.59910414e-01 
 1.02738210e-06  3.03224183e-01  1.02738210e-06  5.59910414e-01 
 1.04589398e-06  3.03224183e-01  1.04589398e-06  5.59910414e-01 
 1.06339384e-06  3.03224183e-01  1.06339384e-06  5.59910414e-01 
 1.09323746e-06  3.03224183e-01  1.09323746e-06  5.59910414e-01 
 1.15292470e-06  3.03224183e-01  1.15292470e-06  5.59910414e-01 
 1.27229919e-06  3.03224183e-01  1.27229919e-06  5.59910414e-01 
 1.51104816e-06  3.03224183e-01  1.51104816e-06  5.59910414e-01 
 1.98854611e-06  3.03224183e-01  1.98854611e-06  5.59910414e-01 
 2.07962361e-06  3.03224183e-01  2.07962361e-06  5.59910414e-01 
 2.26177860e-06  3.03224183e-01  2.26177860e-06  5.59910414e-01 
 2.62608860e-06  3.03224183e-01  2.62608860e-06  5.59910414e-01 
 2.95973380e-06  3.03224183e-01  2.95973380e-06  5.59910414e-01 
 3.30997836e-06  3.03224183e-01  3.30997836e-06  5.59910414e-01 
 3.72580020e-06  3.03224183e-01  3.72580020e-06  5.59910414e-01 
 4.28141168e-06  3.03224183e-01  4.28141168e-06  5.59910414e-01 
 4.97021708e-06  3.03224183e-01  4.97021708e-06  5.59910414e-01 
 5.97021708e-06  3.03224183e-01  5.97021708e-06  5.59910414e-01 
 6.97021708e-06  3.03224183e-01  6.97021708e-06  5.59910414e-01 
 7.97021708e-06  3.03224183e-01  7.97021708e-06  5.59910414e-01 
 8.97021708e-06  3.03224183e-01  8.97021708e-06  5.59910414e-01 
 9.97021708e-06  3.03224183e-01  9.97021708e-06  5.59910414e-01 
 1.09702171e-05  3.03224183e-01  1.09702171e-05  5.59910414e-01 
 1.19702171e-05  3.03224183e-01  1.19702171e-05  5.59910414e-01 
 1.29702171e-05  3.03224183e-01  1.29702171e-05  5.59910414e-01 
 1.39702171e-05  3.03224183e-01  1.39702171e-05  5.59910414e-01 
 1.49702171e-05  3.03224183e-01  1.49702171e-05  5.59910414e-01 
 1.59702171e-05  3.03224183e-01  1.59702171e-05  5.59910414e-01 
 1.69702171e-05  3.03224183e-01  1.69702171e-05  5.59910414e-01 
 1.79702171e-05  3.03224183e-01  1.79702171e-05  5.59910414e-01 
 1.89702171e-05  3.03224183e-01  1.89702171e-05  5.59910414e-01 
 1.99702171e-05  3.03224183e-01  1.99702171e-05  5.59910414e-01 
 2.09702171e-05  3.03224183e-01  2.09702171e-05  5.59910414e-01 
 2.19702171e-05  3.03224183e-01  2.19702171e-05  5.59910414e-01 
 2.29702171e-05  3.03224183e-01  2.29702171e-05  5.59910414e-01 
 2.39702171e-05  3.03224183e-01  2.39702171e-05  5.59910414e-01 
 2.49702171e-05  3.03224183e-01  2.49702171e-05  5.59910414e-01 
 2.59702171e-05  3.03224183e-01  2.59702171e-05  5.59910414e-01 
 2.69702171e-05  3.03224183e-01  2.69702171e-05  5.59910414e-01 
 2.79702171e-05  3.03224183e-01  2.79702171e-05  5.59910414e-01 
 2.89702171e-05  3.03224183e-01  2.89702171e-05  5.59910414e-01 
 2.99702171e-05  3.03224183e-01  2.99702171e-05  5.59910414e-01 
 3.09702171e-05  3.03224183e-01  3.09702171e-05  5.59910414e-01 
 3.19702171e-05  3.03224183e-01  3.19702171e-05  5.59910414e-01 
 3.29702171e-05  3.03224183e-01  3.29702171e-05  5.59910414e-01 
 3.39702171e-05  3.03224183e-01  3.39702171e-05  5.59910414e-01 
 3.49702171e-05  3.03224183e-01  3.49702171e-05  5.59910414e-01 
 3.59702171e-05  3.03224183e-01  3.59702171e-05  5.59910414e-01 
 3.69702171e-05  3.03224183e-01  3.69702171e-05  5.59910414e-01 
 3.79702171e-05  3.03224183e-01  3.79702171e-05  5.59910414e-01 
 3.89702171e-05  3.03224183e-01  3.89702171e-05  5.59910414e-01 
 3.99702171e-05  3.03224183e-01  3.99702171e-05  5.59910414e-01 
 4.09702171e-05  3.03224183e-01  4.09702171e-05  5.59910414e-01 
 4.19702171e-05  3.03224183e-01  4.19702171e-05  5.59910414e-01 
 4.29702171e-05  3.03224183e-01  4.29702171e-05  5.59910414e-01 
 4.39702171e-05  3.03224183e-01  4.39702171e-05  5.59910414e-01 
 4.49702171e-05  3.03224183e-01  4.49702171e-05  5.59910414e-01 
 4.59702171e-05  3.03224183e-01  4.59702171e-05  5.59910414e-01 
 4.69702171e-05  3.03224183e-01  4.69702171e-05  5.59910414e-01 
 4.79702171e-05  3.03224183e-01  4.79702171e-05  5.59910414e-01 
 4.89702171e-05  3.03224183e-01  4.89702171e-05  5.59910414e-01 
 4.99702171e-05  3.03224183e-01  4.99702171e-05  5.59910414e-01 
 5.09702171e-05  3.03224183e-01  5.09702171e-05  5.59910414e-01 
 5.19702171e-05  3.03224183e-01  5.19702171e-05  5.59910414e-01 
 5.29702171e-05  3.03224183e-01  5.29702171e-05  5.59910414e-01 
 5.39702171e-05  3.03224183e-01  5.39702171e-05  5.59910414e-01 
 5.49702171e-05  3.03224183e-01  5.49702171e-05  5.59910414e-01 
 5.59702171e-05  3.03224183e-01  5.59702171e-05  5.59910414e-01 
 5.69702171e-05  3.03224183e-01  5.69702171e-05  5.59910414e-01 
 5.79702171e-05  3.03224183e-01  5.79702171e-05  5.59910414e-01 
 5.89702171e-05  3.03224183e-01  5.89702171e-05  5.59910414e-01 
 5.99702171e-05  3.03224183e-01  5.99702171e-05  5.59910414e-01 
 6.09702171e-05  3.03224183e-01  6.09702171e-05  5.59910414e-01 
 6.19702171e-05  3.03224183e-01  6.19702171e-05  5.59910414e-01 
 6.29702171e-05  3.03224183e-01  6.29702171e-05  5.59910414e-01 
 6.39702171e-05  3.03224183e-01  6.39702171e-05  5.59910414e-01 
 6.49702171e-05  3.03224183e-01  6.49702171e-05  5.59910414e-01 
 6.59702171e-05  3.03224183e-01  6.59702171e-05  5.59910414e-01 
 6.69702171e-05  3.03224183e-01  6.69702171e-05  5.59910414e-01 
 6.79702171e-05  3.03224183e-01  6.79702171e-05  5.59910414e-01 
 6.89702171e-05  3.03224183e-01  6.89702171e-05  5.59910414e-01 
 6.99702171e-05  3.03224183e-01  6.99702171e-05  5.59910414e-01 
 7.09702171e-05  3.03224183e-01  7.09702171e-05  5.59910414e-01 
 7.19702171e-05  3.03224183e-01  7.19702171e-05  5.59910414e-01 
 7.29702171e-05  3.03224183e-01  7.29702171e-05  5.59910414e-01 
 7.39702171e-05  3.03224183e-01  7.39702171e-05  5.59910414e-01 
 7.49702171e-05  3.03224183e-01  7.49702171e-05  5.59910414e-01 
 7.59702171e-05  3.03224183e-01  7.59702171e-05  5.59910414e-01 
 7.69702171e-05  3.03224183e-01  7.69702171e-05  5.59910414e-01 
 7.79702171e-05  3.03224183e-01  7.79702171e-05  5.59910414e-01 
 7.89702171e-05  3.03224183e-01  7.89702171e-05  5.59910414e-01 
 7.99702171e-05  3.03224183e-01  7.99702171e-05  5.59910414e-01 
 8.09702171e-05  3.03224183e-01  8.09702171e-05  5.59910414e-01 
 8.19702171e-05  3.03224183e-01  8.19702171e-05  5.59910414e-01 
 8.29702171e-05  3.03224183e-01  8.29702171e-05  5.59910414e-01 
 8.39702171e-05  3.03224183e-01  8.39702171e-05  5.59910414e-01 
 8.49702171e-05  3.03224183e-01  8.49702171e-05  5.59910414e-01 
 8.59702171e-05  3.03224183e-01  8.59702171e-05  5.59910414e-01 
 8.69702171e-05  3.03224183e-01  8.69702171e-05  5.59910414e-01 
 8.79702171e-05  3.03224183e-01  8.79702171e-05  5.59910414e-01 
 8.89702171e-05  3.03224183e-01  8.89702171e-05  5.59910414e-01 
 8.99702171e-05  3.03224183e-01  8.99702171e-05  5.59910414e-01 
 9.09702171e-05  3.03224183e-01  9.09702171e-05  5.59910414e-01 
 9.19702171e-05  3.03224183e-01  9.19702171e-05  5.59910414e-01 
 9.29702171e-05  3.03224183e-01  9.29702171e-05  5.59910414e-01 
 9.39702171e-05  3.03224183e-01  9.39702171e-05  5.59910414e-01 
 9.49702171e-05  3.03224183e-01  9.49702171e-05  5.59910414e-01 
 9.59702171e-05  3.03224183e-01  9.59702171e-05  5.59910414e-01 
 9.69702171e-05  3.03224183e-01  9.69702171e-05  5.59910414e-01 
 9.79702171e-05  3.03224183e-01  9.79702171e-05  5.59910414e-01 
 9.89702171e-05  3.03224183e-01  9.89702171e-05  5.59910414e-01 
 9.99702171e-05  3.03224183e-01  9.99702171e-05  5.59910414e-01 
 1.00970217e-04  3.03224183e-01  1.00970217e-04  5.59910414e-01 
 1.01970217e-04  3.03224183e-01  1.01970217e-04  5.59910414e-01 
 1.02970217e-04  3.03224183e-01  1.02970217e-04  5.59910414e-01 
 1.03970217e-04  3.03224183e-01  1.03970217e-04  5.59910414e-01 
 1.04970217e-04  3.03224183e-01  1.04970217e-04  5.59910414e-01 
 1.05970217e-04  3.03224183e-01  1.05970217e-04  5.59910414e-01 
 1.06970217e-04  3.03224183e-01  1.06970217e-04  5.59910414e-01 
 1.07970217e-04  3.03224183e-01  1.07970217e-04  5.59910414e-01 
 1.08970217e-04  3.03224183e-01  1.08970217e-04  5.59910414e-01 
 1.09970217e-04  3.03224183e-01  1.09970217e-04  5.59910414e-01 
 1.10970217e-04  3.03224183e-01  1.10970217e-04  5.59910414e-01 
 1.11970217e-04  3.03224183e-01  1.11970217e-04  5.59910414e-01 
 1.12970217e-04  3.03224183e-01  1.12970217e-04  5.59910414e-01 
 1.13970217e-04  3.03224183e-01  1.13970217e-04  5.59910414e-01 
 1.14970217e-04  3.03224183e-01  1.14970217e-04  5.59910414e-01 
 1.15970217e-04  3.03224183e-01  1.15970217e-04  5.59910414e-01 
 1.16970217e-04  3.03224183e-01  1.16970217e-04  5.59910414e-01 
 1.17970217e-04  3.03224183e-01  1.17970217e-04  5.59910414e-01 
 1.18970217e-04  3.03224183e-01  1.18970217e-04  5.59910414e-01 
 1.19970217e-04  3.03224183e-01  1.19970217e-04  5.59910414e-01 
 1.20970217e-04  3.03224183e-01  1.20970217e-04  5.59910414e-01 
 1.21970217e-04  3.03224183e-01  1.21970217e-04  5.59910414e-01 
 1.22970217e-04  3.03224183e-01  1.22970217e-04  5.59910414e-01 
 1.23970217e-04  3.03224183e-01  1.23970217e-04  5.59910414e-01 
 1.24970217e-04  3.03224183e-01  1.24970217e-04  5.59910414e-01 
 1.25970217e-04  3.03224183e-01  1.25970217e-04  5.59910414e-01 
 1.26970217e-04  3.03224183e-01  1.26970217e-04  5.59910414e-01 
 1.27970217e-04  3.03224183e-01  1.27970217e-04  5.59910414e-01 
 1.28970217e-04  3.03224183e-01  1.28970217e-04  5.59910414e-01 
 1.29970217e-04  3.03224183e-01  1.29970217e-04  5.59910414e-01 
 1.30970217e-04  3.03224183e-01  1.30970217e-04  5.59910414e-01 
 1.31970217e-04  3.03224183e-01  1.31970217e-04  5.59910414e-01 
 1.32970217e-04  3.03224183e-01  1.32970217e-04  5.59910414e-01 
 1.33970217e-04  3.03224183e-01  1.33970217e-04  5.59910414e-01 
 1.34970217e-04  3.03224183e-01  1.34970217e-04  5.59910414e-01 
 1.35970217e-04  3.03224183e-01  1.35970217e-04  5.59910414e-01 
 1.36970217e-04  3.03224183e-01  1.36970217e-04  5.59910414e-01 
 1.37970217e-04  3.03224183e-01  1.37970217e-04  5.59910414e-01 
 1.38970217e-04  3.03224183e-01  1.38970217e-04  5.59910414e-01 
 1.39970217e-04  3.03224183e-01  1.39970217e-04  5.59910414e-01 
 1.40970217e-04  3.03224183e-01  1.40970217e-04  5.59910414e-01 
 1.41970217e-04  3.03224183e-01  1.41970217e-04  5.59910414e-01 
 1.42970217e-04  3.03224183e-01  1.42970217e-04  5.59910414e-01 
 1.43970217e-04  3.03224183e-01  1.43970217e-04  5.59910414e-01 
 1.44970217e-04  3.03224183e-01  1.44970217e-04  5.59910414e-01 
 1.45970217e-04  3.03224183e-01  1.45970217e-04  5.59910414e-01 
 1.46970217e-04  3.03224183e-01  1.46970217e-04  5.59910414e-01 
 1.47970217e-04  3.03224183e-01  1.47970217e-04  5.59910414e-01 
 1.48970217e-04  3.03224183e-01  1.48970217e-04  5.59910414e-01 
 1.49970217e-04  3.03224183e-01  1.49970217e-04  5.59910414e-01 
 1.50970217e-04  3.03224183e-01  1.50970217e-04  5.59910414e-01 
 1.51970217e-04  3.03224183e-01  1.51970217e-04  5.59910414e-01 
 1.52970217e-04  3.03224183e-01  1.52970217e-04  5.59910414e-01 
 1.53970217e-04  3.03224183e-01  1.53970217e-04  5.59910414e-01 
 1.54970217e-04  3.03224183e-01  1.54970217e-04  5.59910414e-01 
 1.55970217e-04  3.03224183e-01  1.55970217e-04  5.59910414e-01 
 1.56970217e-04  3.03224183e-01  1.56970217e-04  5.59910414e-01 
 1.57970217e-04  3.03224183e-01  1.57970217e-04  5.59910414e-01 
 1.58970217e-04  3.03224183e-01  1.58970217e-04  5.59910414e-01 
 1.59970217e-04  3.03224183e-01  1.59970217e-04  5.59910414e-01 
 1.60970217e-04  3.03224183e-01  1.60970217e-04  5.59910414e-01 
 1.61970217e-04  3.03224183e-01  1.61970217e-04  5.59910414e-01 
 1.62970217e-04  3.03224183e-01  1.62970217e-04  5.59910414e-01 
 1.63970217e-04  3.03224183e-01  1.63970217e-04  5.59910414e-01 
 1.64970217e-04  3.03224183e-01  1.64970217e-04  5.59910414e-01 
 1.65970217e-04  3.03224183e-01  1.65970217e-04  5.59910414e-01 
 1.66970217e-04  3.03224183e-01  1.66970217e-04  5.59910414e-01 
 1.67970217e-04  3.03224183e-01  1.67970217e-04  5.59910414e-01 
 1.68970217e-04  3.03224183e-01  1.68970217e-04  5.59910414e-01 
 1.69970217e-04  3.03224183e-01  1.69970217e-04  5.59910414e-01 
 1.70970217e-04  3.03224183e-01  1.70970217e-04  5.59910414e-01 
 1.71970217e-04  3.03224183e-01  1.71970217e-04  5.59910414e-01 
 1.72970217e-04  3.03224183e-01  1.72970217e-04  5.59910414e-01 
 1.73970217e-04  3.03224183e-01  1.73970217e-04  5.59910414e-01 
 1.74970217e-04  3.03224183e-01  1.74970217e-04  5.59910414e-01 
 1.75970217e-04  3.03224183e-01  1.75970217e-04  5.59910414e-01 
 1.76970217e-04  3.03224183e-01  1.76970217e-04  5.59910414e-01 
 1.77970217e-04  3.03224183e-01  1.77970217e-04  5.59910414e-01 
 1.78970217e-04  3.03224183e-01  1.78970217e-04  5.59910414e-01 
 1.79970217e-04  3.03224183e-01  1.79970217e-04  5.59910414e-01 
 1.80970217e-04  3.03224183e-01  1.80970217e-04  5.59910414e-01 
 1.81970217e-04  3.03224183e-01  1.81970217e-04  5.59910414e-01 
 1.82970217e-04  3.03224183e-01  1.82970217e-04  5.59910414e-01 
 1.83970217e-04  3.03224183e-01  1.83970217e-04  5.59910414e-01 
 1.84970217e-04  3.03224183e-01  1.84970217e-04  5.59910414e-01 
 1.85970217e-04  3.03224183e-01  1.85970217e-04  5.59910414e-01 
 1.86970217e-04  3.03224183e-01  1.86970217e-04  5.59910414e-01 
 1.87970217e-04  3.03224183e-01  1.87970217e-04  5.59910414e-01 
 1.88970217e-04  3.03224183e-01  1.88970217e-04  5.59910414e-01 
 1.89970217e-04  3.03224183e-01  1.89970217e-04  5.59910414e-01 
 1.90970217e-04  3.03224183e-01  1.90970217e-04  5.59910414e-01 
 1.91970217e-04  3.03224183e-01  1.91970217e-04  5.59910414e-01 
 1.92970217e-04  3.03224183e-01  1.92970217e-04  5.59910414e-01 
 1.93970217e-04  3.03224183e-01  1.93970217e-04  5.59910414e-01 
 1.94970217e-04  3.03224183e-01  1.94970217e-04  5.59910414e-01 
 1.95970217e-04  3.03224183e-01  1.95970217e-04  5.59910414e-01 
 1.96970217e-04  3.03224183e-01  1.96970217e-04  5.59910414e-01 
 1.97970217e-04  3.03224183e-01  1.97970217e-04  5.59910414e-01 
 1.98970217e-04  3.03224183e-01  1.98970217e-04  5.59910414e-01 
 1.99970217e-04  3.03224183e-01  1.99970217e-04  5.59910414e-01 
 2.00970217e-04  3.03224183e-01  2.00970217e-04  5.59910414e-01 
 2.01000001e-04  3.03224183e-01  2.01000001e-04  5.59910414e-01 
 2.01000001e-04  3.03224183e-01  2.01000001e-04  5.59910414e-01 
 2.01000001e-04  3.03224183e-01  2.01000001e-04  5.59910414e-01 
 2.01000002e-04  3.03224183e-01  2.01000002e-04  5.59910414e-01 
 2.01000002e-04  3.03224183e-01  2.01000002e-04  5.59910414e-01 
 2.01000002e-04  3.03224183e-01  2.01000002e-04  5.59910414e-01 
 2.01000002e-04  3.03224183e-01  2.01000002e-04  5.59910414e-01 
 2.01000003e-04  3.03224183e-01  2.01000003e-04  5.59910414e-01 
 2.01000003e-04  3.03224183e-01  2.01000003e-04  5.59910414e-01 
 2.01000004e-04  3.03224183e-01  2.01000004e-04  5.59910414e-01 
 2.01000007e-04  3.03224183e-01  2.01000007e-04  5.59910414e-01 
 2.01000012e-04  3.03224183e-01  2.01000012e-04  5.59910414e-01 
 2.01000022e-04  3.03224183e-01  2.01000022e-04  5.59910414e-01 
 2.01000043e-04  3.03224183e-01  2.01000043e-04  5.59910414e-01 
 2.01000084e-04  3.03224183e-01  2.01000084e-04  5.59910414e-01 
 2.01000166e-04  3.03224183e-01  2.01000166e-04  5.59910414e-01 
 2.01000330e-04  3.03224183e-01  2.01000330e-04  5.59910414e-01 
 2.01000657e-04  3.03224183e-01  2.01000657e-04  5.59910414e-01 
 2.01001313e-04  3.03224183e-01  2.01001313e-04  5.59910414e-01 
 2.01002623e-04  3.03224183e-01  2.01002623e-04  5.59910414e-01 
 2.01005245e-04  3.03224183e-01  2.01005245e-04  5.59910414e-01 
 2.01010488e-04  3.03224183e-01  2.01010488e-04  5.59910414e-01 
 2.01015309e-04  3.03224183e-01  2.01015309e-04  5.59910414e-01 
 2.01020342e-04  3.03224183e-01  2.01020342e-04  5.59910414e-01 
 2.01027830e-04  3.03224183e-01  2.01027830e-04  5.59910414e-01 
 2.01035768e-04  3.03224183e-01  2.01035768e-04  5.59910414e-01 
 2.01051644e-04  3.03224183e-01  2.01051644e-04  5.59910414e-01 
 2.01074014e-04  3.03224183e-01  2.01074014e-04  5.59910414e-01 
 2.01115989e-04  3.03224183e-01  2.01115989e-04  5.59910414e-01 
 2.01187544e-04  3.03224183e-01  2.01187544e-04  5.59910414e-01 
 2.01330654e-04  3.03224183e-01  2.01330654e-04  5.59910414e-01 
 2.01535974e-04  3.03224183e-01  2.01535974e-04  5.59910414e-01 
 2.01691409e-04  3.03224183e-01  2.01691409e-04  5.59910414e-01 
 2.01833030e-04  3.03224183e-01  2.01833030e-04  5.59910414e-01 
 2.02038065e-04  3.03224183e-01  2.02038065e-04  5.59910414e-01 
 2.02057096e-04  3.03224183e-01  2.02057096e-04  5.59910414e-01 
 2.02095158e-04  3.03224183e-01  2.02095158e-04  5.59910414e-01 
 2.02143625e-04  3.03224183e-01  2.02143625e-04  5.59910414e-01 
 2.02180988e-04  3.03224183e-01  2.02180988e-04  5.59910414e-01 
 2.02220622e-04  3.03224183e-01  2.02220622e-04  5.59910414e-01 
 2.02299890e-04  3.03224183e-01  2.02299890e-04  5.59910414e-01 
 2.02403434e-04  3.03224183e-01  2.02403434e-04  5.59910414e-01 
 2.02575354e-04  3.03224183e-01  2.02575354e-04  5.59910414e-01 
 2.02746000e-04  3.03224183e-01  2.02746000e-04  5.59910414e-01 
 2.03011610e-04  3.03224183e-01  2.03011610e-04  5.59910414e-01 
 2.03280105e-04  3.03224183e-01  2.03280105e-04  5.59910414e-01 
 2.03639195e-04  3.03224183e-01  2.03639195e-04  5.59910414e-01 
 2.04128466e-04  3.03224183e-01  2.04128466e-04  5.59910414e-01 
 2.04620505e-04  3.03224183e-01  2.04620505e-04  5.59910414e-01 
 2.05238607e-04  3.03224183e-01  2.05238607e-04  5.59910414e-01 
 2.06238607e-04  3.03224183e-01  2.06238607e-04  5.59910414e-01 
 2.06363607e-04  3.03224183e-01  2.06363607e-04  5.59910414e-01 
 2.06613607e-04  3.03224183e-01  2.06613607e-04  5.59910414e-01 
 2.07113607e-04  3.03224183e-01  2.07113607e-04  5.59910414e-01 
 2.07674596e-04  3.03224183e-01  2.07674596e-04  5.59910414e-01 
 2.08674596e-04  3.03224183e-01  2.08674596e-04  5.59910414e-01 
 2.09674596e-04  3.03224183e-01  2.09674596e-04  5.59910414e-01 
 2.10674596e-04  3.03224183e-01  2.10674596e-04  5.59910414e-01 
 2.11674596e-04  3.03224183e-01  2.11674596e-04  5.59910414e-01 
 2.12674596e-04  3.03224183e-01  2.12674596e-04  5.59910414e-01 
 2.13674596e-04  3.03224183e-01  2.13674596e-04  5.59910414e-01 
 2.14674596e-04  3.03224183e-01  2.14674596e-04  5.59910414e-01 
 2.15674596e-04  3.03224183e-01  2.15674596e-04  5.59910414e-01 
 2.16674596e-04  3.03224183e-01  2.16674596e-04  5.59910414e-01 
 2.17674596e-04  3.03224183e-01  2.17674596e-04  5.59910414e-01 
 2.18674596e-04  3.03224183e-01  2.18674596e-04  5.59910414e-01 
 2.19674596e-04  3.03224183e-01  2.19674596e-04  5.59910414e-01 
 2.20674596e-04  3.03224183e-01  2.20674596e-04  5.59910414e-01 
 2.21674596e-04  3.03224183e-01  2.21674596e-04  5.59910414e-01 
 2.22674596e-04  3.03224183e-01  2.22674596e-04  5.59910414e-01 
 2.23674596e-04  3.03224183e-01  2.23674596e-04  5.59910414e-01 
 2.24674596e-04  3.03224183e-01  2.24674596e-04  5.59910414e-01 
 2.25674596e-04  3.03224183e-01  2.25674596e-04  5.59910414e-01 
 2.26674596e-04  3.03224183e-01  2.26674596e-04  5.59910414e-01 
 2.27674596e-04  3.03224183e-01  2.27674596e-04  5.59910414e-01 
 2.28674596e-04  3.03224183e-01  2.28674596e-04  5.59910414e-01 
 2.29674596e-04  3.03224183e-01  2.29674596e-04  5.59910414e-01 
 2.30674596e-04  3.03224183e-01  2.30674596e-04  5.59910414e-01 
 2.31674596e-04  3.03224183e-01  2.31674596e-04  5.59910414e-01 
 2.32674596e-04  3.03224183e-01  2.32674596e-04  5.59910414e-01 
 2.33674596e-04  3.03224183e-01  2.33674596e-04  5.59910414e-01 
 2.34674596e-04  3.03224183e-01  2.34674596e-04  5.59910414e-01 
 2.35674596e-04  3.03224183e-01  2.35674596e-04  5.59910414e-01 
 2.36674596e-04  3.03224183e-01  2.36674596e-04  5.59910414e-01 
 2.37674596e-04  3.03224183e-01  2.37674596e-04  5.59910414e-01 
 2.38674596e-04  3.03224183e-01  2.38674596e-04  5.59910414e-01 
 2.39674596e-04  3.03224183e-01  2.39674596e-04  5.59910414e-01 
 2.40674596e-04  3.03224183e-01  2.40674596e-04  5.59910414e-01 
 2.41674596e-04  3.03224183e-01  2.41674596e-04  5.59910414e-01 
 2.42674596e-04  3.03224183e-01  2.42674596e-04  5.59910414e-01 
 2.43674596e-04  3.03224183e-01  2.43674596e-04  5.59910414e-01 
 2.44674596e-04  3.03224183e-01  2.44674596e-04  5.59910414e-01 
 2.45674596e-04  3.03224183e-01  2.45674596e-04  5.59910414e-01 
 2.46674596e-04  3.03224183e-01  2.46674596e-04  5.59910414e-01 
 2.47674596e-04  3.03224183e-01  2.47674596e-04  5.59910414e-01 
 2.48674596e-04  3.03224183e-01  2.48674596e-04  5.59910414e-01 
 2.49674596e-04  3.03224183e-01  2.49674596e-04  5.59910414e-01 
 2.50674596e-04  3.03224183e-01  2.50674596e-04  5.59910414e-01 
 2.51674596e-04  3.03224183e-01  2.51674596e-04  5.59910414e-01 
 2.52674596e-04  3.03224183e-01  2.52674596e-04  5.59910414e-01 
 2.53674596e-04  3.03224183e-01  2.53674596e-04  5.59910414e-01 
 2.54674596e-04  3.03224183e-01  2.54674596e-04  5.59910414e-01 
 2.55674596e-04  3.03224183e-01  2.55674596e-04  5.59910414e-01 
 2.56674596e-04  3.03224183e-01  2.56674596e-04  5.59910414e-01 
 2.57674596e-04  3.03224183e-01  2.57674596e-04  5.59910414e-01 
 2.58674596e-04  3.03224183e-01  2.58674596e-04  5.59910414e-01 
 2.59674596e-04  3.03224183e-01  2.59674596e-04  5.59910414e-01 
 2.60674596e-04  3.03224183e-01  2.60674596e-04  5.59910414e-01 
 2.61674596e-04  3.03224183e-01  2.61674596e-04  5.59910414e-01 
 2.62674596e-04  3.03224183e-01  2.62674596e-04  5.59910414e-01 
 2.63674596e-04  3.03224183e-01  2.63674596e-04  5.59910414e-01 
 2.64674596e-04  3.03224183e-01  2.64674596e-04  5.59910414e-01 
 2.65674596e-04  3.03224183e-01  2.65674596e-04  5.59910414e-01 
 2.66674596e-04  3.03224183e-01  2.66674596e-04  5.59910414e-01 
 2.67674596e-04  3.03224183e-01  2.67674596e-04  5.59910414e-01 
 2.68674596e-04  3.03224183e-01  2.68674596e-04  5.59910414e-01 
 2.69674596e-04  3.03224183e-01  2.69674596e-04  5.59910414e-01 
 2.70674596e-04  3.03224183e-01  2.70674596e-04  5.59910414e-01 
 2.71674596e-04  3.03224183e-01  2.71674596e-04  5.59910414e-01 
 2.72674596e-04  3.03224183e-01  2.72674596e-04  5.59910414e-01 
 2.73674596e-04  3.03224183e-01  2.73674596e-04  5.59910414e-01 
 2.74674596e-04  3.03224183e-01  2.74674596e-04  5.59910414e-01 
 2.75674596e-04  3.03224183e-01  2.75674596e-04  5.59910414e-01 
 2.76674596e-04  3.03224183e-01  2.76674596e-04  5.59910414e-01 
 2.77674596e-04  3.03224183e-01  2.77674596e-04  5.59910414e-01 
 2.78674596e-04  3.03224183e-01  2.78674596e-04  5.59910414e-01 
 2.79674596e-04  3.03224183e-01  2.79674596e-04  5.59910414e-01 
 2.80674596e-04  3.03224183e-01  2.80674596e-04  5.59910414e-01 
 2.81674596e-04  3.03224183e-01  2.81674596e-04  5.59910414e-01 
 2.82674596e-04  3.03224183e-01  2.82674596e-04  5.59910414e-01 
 2.83674596e-04  3.03224183e-01  2.83674596e-04  5.59910414e-01 
 2.84674596e-04  3.03224183e-01  2.84674596e-04  5.59910414e-01 
 2.85674596e-04  3.03224183e-01  2.85674596e-04  5.59910414e-01 
 2.86674596e-04  3.03224183e-01  2.86674596e-04  5.59910414e-01 
 2.87674596e-04  3.03224183e-01  2.87674596e-04  5.59910414e-01 
 2.88674596e-04  3.03224183e-01  2.88674596e-04  5.59910414e-01 
 2.89674596e-04  3.03224183e-01  2.89674596e-04  5.59910414e-01 
 2.90674596e-04  3.03224183e-01  2.90674596e-04  5.59910414e-01 
 2.91674596e-04  3.03224183e-01  2.91674596e-04  5.59910414e-01 
 2.92674596e-04  3.03224183e-01  2.92674596e-04  5.59910414e-01 
 2.93674596e-04  3.03224183e-01  2.93674596e-04  5.59910414e-01 
 2.94674596e-04  3.03224183e-01  2.94674596e-04  5.59910414e-01 
 2.95674596e-04  3.03224183e-01  2.95674596e-04  5.59910414e-01 
 2.96674596e-04  3.03224183e-01  2.96674596e-04  5.59910414e-01 
 2.97674596e-04  3.03224183e-01  2.97674596e-04  5.59910414e-01 
 2.98674596e-04  3.03224183e-01  2.98674596e-04  5.59910414e-01 
 2.99674596e-04  3.03224183e-01  2.99674596e-04  5.59910414e-01 
 3.00674596e-04  3.03224183e-01  3.00674596e-04  5.59910414e-01 
 3.01674596e-04  3.03224183e-01  3.01674596e-04  5.59910414e-01 
 3.02674596e-04  3.03224183e-01  3.02674596e-04  5.59910414e-01 
 3.03674596e-04  3.03224183e-01  3.03674596e-04  5.59910414e-01 
 3.04674596e-04  3.03224183e-01  3.04674596e-04  5.59910414e-01 
 3.05674596e-04  3.03224183e-01  3.05674596e-04  5.59910414e-01 
 3.06674596e-04  3.03224183e-01  3.06674596e-04  5.59910414e-01 
 3.07674596e-04  3.03224183e-01  3.07674596e-04  5.59910414e-01 
 3.08674596e-04  3.03224183e-01  3.08674596e-04  5.59910414e-01 
 3.09674596e-04  3.03224183e-01  3.09674596e-04  5.59910414e-01 
 3.10674596e-04  3.03224183e-01  3.10674596e-04  5.59910414e-01 
 3.11674596e-04  3.03224183e-01  3.11674596e-04  5.59910414e-01 
 3.12674596e-04  3.03224183e-01  3.12674596e-04  5.59910414e-01 
 3.13674596e-04  3.03224183e-01  3.13674596e-04  5.59910414e-01 
 3.14674596e-04  3.03224183e-01  3.14674596e-04  5.59910414e-01 
 3.15674596e-04  3.03224183e-01  3.15674596e-04  5.59910414e-01 
 3.16674596e-04  3.03224183e-01  3.16674596e-04  5.59910414e-01 
 3.17674596e-04  3.03224183e-01  3.17674596e-04  5.59910414e-01 
 3.18674596e-04  3.03224183e-01  3.18674596e-04  5.59910414e-01 
 3.19674596e-04  3.03224183e-01  3.19674596e-04  5.59910414e-01 
 3.20674596e-04  3.03224183e-01  3.20674596e-04  5.59910414e-01 
 3.21674596e-04  3.03224183e-01  3.21674596e-04  5.59910414e-01 
 3.22674596e-04  3.03224183e-01  3.22674596e-04  5.59910414e-01 
 3.23674596e-04  3.03224183e-01  3.23674596e-04  5.59910414e-01 
 3.24674596e-04  3.03224183e-01  3.24674596e-04  5.59910414e-01 
 3.25674596e-04  3.03224183e-01  3.25674596e-04  5.59910414e-01 
 3.26674596e-04  3.03224183e-01  3.26674596e-04  5.59910414e-01 
 3.27674596e-04  3.03224183e-01  3.27674596e-04  5.59910414e-01 
 3.28674596e-04  3.03224183e-01  3.28674596e-04  5.59910414e-01 
 3.29674596e-04  3.03224183e-01  3.29674596e-04  5.59910414e-01 
 3.30674596e-04  3.03224183e-01  3.30674596e-04  5.59910414e-01 
 3.31674596e-04  3.03224183e-01  3.31674596e-04  5.59910414e-01 
 3.32674596e-04  3.03224183e-01  3.32674596e-04  5.59910414e-01 
 3.33674596e-04  3.03224183e-01  3.33674596e-04  5.59910414e-01 
 3.34674596e-04  3.03224183e-01  3.34674596e-04  5.59910414e-01 
 3.35674596e-04  3.03224183e-01  3.35674596e-04  5.59910414e-01 
 3.36674596e-04  3.03224183e-01  3.36674596e-04  5.59910414e-01 
 3.37674596e-04  3.03224183e-01  3.37674596e-04  5.59910414e-01 
 3.38674596e-04  3.03224183e-01  3.38674596e-04  5.59910414e-01 
 3.39674596e-04  3.03224183e-01  3.39674596e-04  5.59910414e-01 
 3.40674596e-04  3.03224183e-01  3.40674596e-04  5.59910414e-01 
 3.41674596e-04  3.03224183e-01  3.41674596e-04  5.59910414e-01 
 3.42674596e-04  3.03224183e-01  3.42674596e-04  5.59910414e-01 
 3.43674596e-04  3.03224183e-01  3.43674596e-04  5.59910414e-01 
 3.44674596e-04  3.03224183e-01  3.44674596e-04  5.59910414e-01 
 3.45674596e-04  3.03224183e-01  3.45674596e-04  5.59910414e-01 
 3.46674596e-04  3.03224183e-01  3.46674596e-04  5.59910414e-01 
 3.47674596e-04  3.03224183e-01  3.47674596e-04  5.59910414e-01 
 3.48674596e-04  3.03224183e-01  3.48674596e-04  5.59910414e-01 
 3.49674596e-04  3.03224183e-01  3.49674596e-04  5.59910414e-01 
 3.50674596e-04  3.03224183e-01  3.50674596e-04  5.59910414e-01 
 3.51674596e-04  3.03224183e-01  3.51674596e-04  5.59910414e-01 
 3.52674596e-04  3.03224183e-01  3.52674596e-04  5.59910414e-01 
 3.53674596e-04  3.03224183e-01  3.53674596e-04  5.59910414e-01 
 3.54674596e-04  3.03224183e-01  3.54674596e-04  5.59910414e-01 
 3.55674596e-04  3.03224183e-01  3.55674596e-04  5.59910414e-01 
 3.56674596e-04  3.03224183e-01  3.56674596e-04  5.59910414e-01 
 3.57674596e-04  3.03224183e-01  3.57674596e-04  5.59910414e-01 
 3.58674596e-04  3.03224183e-01  3.58674596e-04  5.59910414e-01 
 3.59674596e-04  3.03224183e-01  3.59674596e-04  5.59910414e-01 
 3.60674596e-04  3.03224183e-01  3.60674596e-04  5.59910414e-01 
 3.61674596e-04  3.03224183e-01  3.61674596e-04  5.59910414e-01 
 3.62674596e-04  3.03224183e-01  3.62674596e-04  5.59910414e-01 
 3.63674596e-04  3.03224183e-01  3.63674596e-04  5.59910414e-01 
 3.64674596e-04  3.03224183e-01  3.64674596e-04  5.59910414e-01 
 3.65674596e-04  3.03224183e-01  3.65674596e-04  5.59910414e-01 
 3.66674596e-04  3.03224183e-01  3.66674596e-04  5.59910414e-01 
 3.67674596e-04  3.03224183e-01  3.67674596e-04  5.59910414e-01 
 3.68674596e-04  3.03224183e-01  3.68674596e-04  5.59910414e-01 
 3.69674596e-04  3.03224183e-01  3.69674596e-04  5.59910414e-01 
 3.70674596e-04  3.03224183e-01  3.70674596e-04  5.59910414e-01 
 3.71674596e-04  3.03224183e-01  3.71674596e-04  5.59910414e-01 
 3.72674596e-04  3.03224183e-01  3.72674596e-04  5.59910414e-01 
 3.73674596e-04  3.03224183e-01  3.73674596e-04  5.59910414e-01 
 3.74674596e-04  3.03224183e-01  3.74674596e-04  5.59910414e-01 
 3.75674596e-04  3.03224183e-01  3.75674596e-04  5.59910414e-01 
 3.76674596e-04  3.03224183e-01  3.76674596e-04  5.59910414e-01 
 3.77674596e-04  3.03224183e-01  3.77674596e-04  5.59910414e-01 
 3.78674596e-04  3.03224183e-01  3.78674596e-04  5.59910414e-01 
 3.79674596e-04  3.03224183e-01  3.79674596e-04  5.59910414e-01 
 3.80674596e-04  3.03224183e-01  3.80674596e-04  5.59910414e-01 
 3.81674596e-04  3.03224183e-01  3.81674596e-04  5.59910414e-01 
 3.82674596e-04  3.03224183e-01  3.82674596e-04  5.59910414e-01 
 3.83674596e-04  3.03224183e-01  3.83674596e-04  5.59910414e-01 
 3.84674596e-04  3.03224183e-01  3.84674596e-04  5.59910414e-01 
 3.85674596e-04  3.03224183e-01  3.85674596e-04  5.59910414e-01 
 3.86674596e-04  3.03224183e-01  3.86674596e-04  5.59910414e-01 
 3.87674596e-04  3.03224183e-01  3.87674596e-04  5.59910414e-01 
 3.88674596e-04  3.03224183e-01  3.88674596e-04  5.59910414e-01 
 3.89674596e-04  3.03224183e-01  3.89674596e-04  5.59910414e-01 
 3.90674596e-04  3.03224183e-01  3.90674596e-04  5.59910414e-01 
 3.91674596e-04  3.03224183e-01  3.91674596e-04  5.59910414e-01 
 3.92674596e-04  3.03224183e-01  3.92674596e-04  5.59910414e-01 
 3.93674596e-04  3.03224183e-01  3.93674596e-04  5.59910414e-01 
 3.94674596e-04  3.03224183e-01  3.94674596e-04  5.59910414e-01 
 3.95674596e-04  3.03224183e-01  3.95674596e-04  5.59910414e-01 
 3.96674596e-04  3.03224183e-01  3.96674596e-04  5.59910414e-01 
 3.97674596e-04  3.03224183e-01  3.97674596e-04  5.59910414e-01 
 3.98674596e-04  3.03224183e-01  3.98674596e-04  5.59910414e-01 
 3.99674596e-04  3.03224183e-01  3.99674596e-04  5.59910414e-01 
 4.00674596e-04  3.03224183e-01  4.00674596e-04  5.59910414e-01 
 4.01000000e-04  3.03224183e-01  4.01000000e-04  5.59910414e-01 
