 9.00000000e-01  1.10190617e+00 
 9.18000000e-01  1.10190617e+00 
 9.36000000e-01  1.10190617e+00 
 9.54000000e-01  1.10190617e+00 
 9.72000000e-01  1.10190617e+00 
 9.90000000e-01  1.10190617e+00 
 1.00800000e+00  1.10190617e+00 
 1.02600000e+00  1.10190617e+00 
 1.04400000e+00  1.10190617e+00 
 1.06200000e+00  1.10190617e+00 
 1.08000000e+00  1.10190617e+00 
 1.09800000e+00  1.10190617e+00 
 1.11600000e+00  1.10190617e+00 
 1.13400000e+00  1.10190617e+00 
 1.15200000e+00  1.10190617e+00 
 1.17000000e+00  1.10190617e+00 
 1.18800000e+00  1.10190617e+00 
 1.20600000e+00  1.10190617e+00 
 1.22400000e+00  1.10190617e+00 
 1.24200000e+00  1.10190617e+00 
 1.26000000e+00  1.10190617e+00 
 1.27800000e+00  1.10190617e+00 
 1.29600000e+00  1.10190617e+00 
 1.31400000e+00  1.10190617e+00 
 1.33200000e+00  1.10190617e+00 
 1.35000000e+00  1.10190617e+00 
 1.36800000e+00  1.10190617e+00 
 1.38600000e+00  1.10190617e+00 
 1.40400000e+00  1.10190617e+00 
 1.42200000e+00  1.10190617e+00 
 1.44000000e+00  1.10190617e+00 
 1.45800000e+00  1.10190617e+00 
 1.47600000e+00  1.10190617e+00 
 1.49400000e+00  1.10190617e+00 
 1.51200000e+00  1.10190617e+00 
 1.53000000e+00  1.10190617e+00 
 1.54800000e+00  1.10190617e+00 
 1.56600000e+00  1.10190617e+00 
 1.58400000e+00  1.10190617e+00 
 1.60200000e+00  1.10190617e+00 
 1.62000000e+00  1.10190617e+00 
 1.63800000e+00  1.10190617e+00 
 1.65600000e+00  1.10190617e+00 
 1.67400000e+00  1.10190617e+00 
 1.69200000e+00  1.10190617e+00 
 1.71000000e+00  1.10190617e+00 
 1.72800000e+00  1.10190617e+00 
 1.74600000e+00  1.10190617e+00 
 1.76400000e+00  1.10190617e+00 
 1.78200000e+00  1.10190617e+00 
 1.80000000e+00  1.10190617e+00 
 1.81800000e+00  1.10190617e+00 
 1.83600000e+00  1.10190617e+00 
 1.85400000e+00  1.10190617e+00 
 1.87200000e+00  1.10190617e+00 
 1.89000000e+00  1.10190617e+00 
 1.90800000e+00  1.10190617e+00 
 1.92600000e+00  1.10190617e+00 
 1.94400000e+00  1.10190617e+00 
 1.96200000e+00  1.10190617e+00 
 1.98000000e+00  1.10190617e+00 
 1.99800000e+00  1.10190617e+00 
 2.01600000e+00  1.10190617e+00 
 2.03400000e+00  1.10190617e+00 
 2.05200000e+00  1.10190617e+00 
 2.07000000e+00  1.10190617e+00 
 2.08800000e+00  1.10190617e+00 
 2.10600000e+00  1.10190617e+00 
 2.12400000e+00  1.10190617e+00 
 2.14200000e+00  1.10190617e+00 
 2.16000000e+00  1.10190617e+00 
 2.17800000e+00  1.10190617e+00 
 2.19600000e+00  1.10190617e+00 
 2.21400000e+00  1.10190617e+00 
 2.23200000e+00  1.10190617e+00 
 2.25000000e+00  1.10190617e+00 
 2.26800000e+00  1.10190617e+00 
 2.28600000e+00  1.10190617e+00 
 2.30400000e+00  1.10190617e+00 
 2.32200000e+00  1.10190617e+00 
 2.34000000e+00  1.10190617e+00 
 2.35800000e+00  1.10190617e+00 
 2.37600000e+00  1.10190617e+00 
 2.39400000e+00  1.10190617e+00 
 2.41200000e+00  1.10190617e+00 
 2.43000000e+00  1.10190617e+00 
 2.44800000e+00  1.10190617e+00 
 2.46600000e+00  1.10190617e+00 
 2.48400000e+00  1.10190617e+00 
 2.50200000e+00  1.10190617e+00 
 2.52000000e+00  1.10190617e+00 
 2.53800000e+00  1.10190617e+00 
 2.55600000e+00  1.10190617e+00 
 2.57400000e+00  1.10190617e+00 
 2.59200000e+00  1.10190617e+00 
 2.61000000e+00  1.10190617e+00 
 2.62800000e+00  1.10190617e+00 
 2.64600000e+00  1.10190617e+00 
 2.66400000e+00  1.10190617e+00 
 2.68200000e+00  1.10190617e+00 
 2.70000000e+00  1.10190617e+00 
