 0.00000000e+00  2.74948860e-01  0.00000000e+00  7.52445448e-01 
 1.00000000e-08  2.74948860e-01  1.00000000e-08  7.52445448e-01 
 2.00000000e-08  2.74948860e-01  2.00000000e-08  7.52445448e-01 
 4.00000000e-08  2.74948860e-01  4.00000000e-08  7.52445448e-01 
 8.00000000e-08  2.74948860e-01  8.00000000e-08  7.52445448e-01 
 1.60000000e-07  2.74948860e-01  1.60000000e-07  7.52445448e-01 
 3.20000000e-07  2.74948860e-01  3.20000000e-07  7.52445448e-01 
 6.40000000e-07  2.74948860e-01  6.40000000e-07  7.52445448e-01 
 1.00000000e-06  2.74948860e-01  1.00000000e-06  7.52445448e-01 
 1.00000010e-06  2.74948860e-01  1.00000010e-06  7.52445448e-01 
 1.00000030e-06  2.74948860e-01  1.00000030e-06  7.52445448e-01 
 1.00000070e-06  2.74948860e-01  1.00000070e-06  7.52445448e-01 
 1.00000100e-06  2.74948860e-01  1.00000100e-06  7.52445448e-01 
 1.00000108e-06  2.74948860e-01  1.00000108e-06  7.52445448e-01 
 1.00000124e-06  2.74948860e-01  1.00000124e-06  7.52445448e-01 
 1.00000156e-06  2.74948860e-01  1.00000156e-06  7.52445448e-01 
 1.00000220e-06  2.74948860e-01  1.00000220e-06  7.52445448e-01 
 1.00000348e-06  2.74948860e-01  1.00000348e-06  7.52445448e-01 
 1.00000604e-06  2.74948860e-01  1.00000604e-06  7.52445448e-01 
 1.00001116e-06  2.74948860e-01  1.00001116e-06  7.52445448e-01 
 1.00002140e-06  2.74948860e-01  1.00002140e-06  7.52445448e-01 
 1.00004188e-06  2.74948860e-01  1.00004188e-06  7.52445448e-01 
 1.00008284e-06  2.74948860e-01  1.00008284e-06  7.52445448e-01 
 1.00016476e-06  2.74948860e-01  1.00016476e-06  7.52445448e-01 
 1.00032860e-06  2.74948860e-01  1.00032860e-06  7.52445448e-01 
 1.00065628e-06  2.74948860e-01  1.00065628e-06  7.52445448e-01 
 1.00131164e-06  2.74948860e-01  1.00131164e-06  7.52445448e-01 
 1.00262236e-06  2.74948860e-01  1.00262236e-06  7.52445448e-01 
 1.00524380e-06  2.74948860e-01  1.00524380e-06  7.52445448e-01 
 1.01034901e-06  2.74948860e-01  1.01034901e-06  7.52445448e-01 
 1.02055942e-06  2.74948860e-01  1.02055942e-06  7.52445448e-01 
 1.04098024e-06  2.74948860e-01  1.04098024e-06  7.52445448e-01 
 1.08182189e-06  2.74948860e-01  1.08182189e-06  7.52445448e-01 
 1.13942529e-06  2.74948860e-01  1.13942529e-06  7.52445448e-01 
 1.21505248e-06  2.74948860e-01  1.21505248e-06  7.52445448e-01 
 1.29726207e-06  2.74948860e-01  1.29726207e-06  7.52445448e-01 
 1.39957647e-06  2.74948860e-01  1.39957647e-06  7.52445448e-01 
 1.52245794e-06  2.74948860e-01  1.52245794e-06  7.52445448e-01 
 1.70366442e-06  2.74948860e-01  1.70366442e-06  7.52445448e-01 
 1.96266520e-06  2.74948860e-01  1.96266520e-06  7.52445448e-01 
 2.23557955e-06  2.74948860e-01  2.23557955e-06  7.52445448e-01 
 2.51040827e-06  2.74948860e-01  2.51040827e-06  7.52445448e-01 
 2.88032651e-06  2.74948860e-01  2.88032651e-06  7.52445448e-01 
 3.28583222e-06  2.74948860e-01  3.28583222e-06  7.52445448e-01 
 3.78777876e-06  2.74948860e-01  3.78777876e-06  7.52445448e-01 
 4.46156546e-06  2.74948860e-01  4.46156546e-06  7.52445448e-01 
 5.46156546e-06  2.74948860e-01  5.46156546e-06  7.52445448e-01 
 6.46156546e-06  2.74948860e-01  6.46156546e-06  7.52445448e-01 
 7.46156546e-06  2.74948860e-01  7.46156546e-06  7.52445448e-01 
 8.46156546e-06  2.74948860e-01  8.46156546e-06  7.52445448e-01 
 9.46156546e-06  2.74948860e-01  9.46156546e-06  7.52445448e-01 
 1.04615655e-05  2.74948860e-01  1.04615655e-05  7.52445448e-01 
 1.14615655e-05  2.74948860e-01  1.14615655e-05  7.52445448e-01 
 1.24615655e-05  2.74948860e-01  1.24615655e-05  7.52445448e-01 
 1.34615655e-05  2.74948860e-01  1.34615655e-05  7.52445448e-01 
 1.44615655e-05  2.74948860e-01  1.44615655e-05  7.52445448e-01 
 1.54615655e-05  2.74948860e-01  1.54615655e-05  7.52445448e-01 
 1.64615655e-05  2.74948860e-01  1.64615655e-05  7.52445448e-01 
 1.74615655e-05  2.74948860e-01  1.74615655e-05  7.52445448e-01 
 1.84615655e-05  2.74948860e-01  1.84615655e-05  7.52445448e-01 
 1.94615655e-05  2.74948860e-01  1.94615655e-05  7.52445448e-01 
 2.04615655e-05  2.74948860e-01  2.04615655e-05  7.52445448e-01 
 2.14615655e-05  2.74948860e-01  2.14615655e-05  7.52445448e-01 
 2.24615655e-05  2.74948860e-01  2.24615655e-05  7.52445448e-01 
 2.34615655e-05  2.74948860e-01  2.34615655e-05  7.52445448e-01 
 2.44615655e-05  2.74948860e-01  2.44615655e-05  7.52445448e-01 
 2.54615655e-05  2.74948860e-01  2.54615655e-05  7.52445448e-01 
 2.64615655e-05  2.74948860e-01  2.64615655e-05  7.52445448e-01 
 2.74615655e-05  2.74948860e-01  2.74615655e-05  7.52445448e-01 
 2.84615655e-05  2.74948860e-01  2.84615655e-05  7.52445448e-01 
 2.94615655e-05  2.74948860e-01  2.94615655e-05  7.52445448e-01 
 3.04615655e-05  2.74948860e-01  3.04615655e-05  7.52445448e-01 
 3.14615655e-05  2.74948860e-01  3.14615655e-05  7.52445448e-01 
 3.24615655e-05  2.74948860e-01  3.24615655e-05  7.52445448e-01 
 3.34615655e-05  2.74948860e-01  3.34615655e-05  7.52445448e-01 
 3.44615655e-05  2.74948860e-01  3.44615655e-05  7.52445448e-01 
 3.54615655e-05  2.74948860e-01  3.54615655e-05  7.52445448e-01 
 3.64615655e-05  2.74948860e-01  3.64615655e-05  7.52445448e-01 
 3.74615655e-05  2.74948860e-01  3.74615655e-05  7.52445448e-01 
 3.84615655e-05  2.74948860e-01  3.84615655e-05  7.52445448e-01 
 3.94615655e-05  2.74948860e-01  3.94615655e-05  7.52445448e-01 
 4.04615655e-05  2.74948860e-01  4.04615655e-05  7.52445448e-01 
 4.14615655e-05  2.74948860e-01  4.14615655e-05  7.52445448e-01 
 4.24615655e-05  2.74948860e-01  4.24615655e-05  7.52445448e-01 
 4.34615655e-05  2.74948860e-01  4.34615655e-05  7.52445448e-01 
 4.44615655e-05  2.74948860e-01  4.44615655e-05  7.52445448e-01 
 4.54615655e-05  2.74948860e-01  4.54615655e-05  7.52445448e-01 
 4.64615655e-05  2.74948860e-01  4.64615655e-05  7.52445448e-01 
 4.74615655e-05  2.74948860e-01  4.74615655e-05  7.52445448e-01 
 4.84615655e-05  2.74948860e-01  4.84615655e-05  7.52445448e-01 
 4.94615655e-05  2.74948860e-01  4.94615655e-05  7.52445448e-01 
 5.04615655e-05  2.74948860e-01  5.04615655e-05  7.52445448e-01 
 5.14615655e-05  2.74948860e-01  5.14615655e-05  7.52445448e-01 
 5.24615655e-05  2.74948860e-01  5.24615655e-05  7.52445448e-01 
 5.34615655e-05  2.74948860e-01  5.34615655e-05  7.52445448e-01 
 5.44615655e-05  2.74948860e-01  5.44615655e-05  7.52445448e-01 
 5.54615655e-05  2.74948860e-01  5.54615655e-05  7.52445448e-01 
 5.64615655e-05  2.74948860e-01  5.64615655e-05  7.52445448e-01 
 5.74615655e-05  2.74948860e-01  5.74615655e-05  7.52445448e-01 
 5.84615655e-05  2.74948860e-01  5.84615655e-05  7.52445448e-01 
 5.94615655e-05  2.74948860e-01  5.94615655e-05  7.52445448e-01 
 6.04615655e-05  2.74948860e-01  6.04615655e-05  7.52445448e-01 
 6.14615655e-05  2.74948860e-01  6.14615655e-05  7.52445448e-01 
 6.24615655e-05  2.74948860e-01  6.24615655e-05  7.52445448e-01 
 6.34615655e-05  2.74948860e-01  6.34615655e-05  7.52445448e-01 
 6.44615655e-05  2.74948860e-01  6.44615655e-05  7.52445448e-01 
 6.54615655e-05  2.74948860e-01  6.54615655e-05  7.52445448e-01 
 6.64615655e-05  2.74948860e-01  6.64615655e-05  7.52445448e-01 
 6.74615655e-05  2.74948860e-01  6.74615655e-05  7.52445448e-01 
 6.84615655e-05  2.74948860e-01  6.84615655e-05  7.52445448e-01 
 6.94615655e-05  2.74948860e-01  6.94615655e-05  7.52445448e-01 
 7.04615655e-05  2.74948860e-01  7.04615655e-05  7.52445448e-01 
 7.14615655e-05  2.74948860e-01  7.14615655e-05  7.52445448e-01 
 7.24615655e-05  2.74948860e-01  7.24615655e-05  7.52445448e-01 
 7.34615655e-05  2.74948860e-01  7.34615655e-05  7.52445448e-01 
 7.44615655e-05  2.74948860e-01  7.44615655e-05  7.52445448e-01 
 7.54615655e-05  2.74948860e-01  7.54615655e-05  7.52445448e-01 
 7.64615655e-05  2.74948860e-01  7.64615655e-05  7.52445448e-01 
 7.74615655e-05  2.74948860e-01  7.74615655e-05  7.52445448e-01 
 7.84615655e-05  2.74948860e-01  7.84615655e-05  7.52445448e-01 
 7.94615655e-05  2.74948860e-01  7.94615655e-05  7.52445448e-01 
 8.04615655e-05  2.74948860e-01  8.04615655e-05  7.52445448e-01 
 8.14615655e-05  2.74948860e-01  8.14615655e-05  7.52445448e-01 
 8.24615655e-05  2.74948860e-01  8.24615655e-05  7.52445448e-01 
 8.34615655e-05  2.74948860e-01  8.34615655e-05  7.52445448e-01 
 8.44615655e-05  2.74948860e-01  8.44615655e-05  7.52445448e-01 
 8.54615655e-05  2.74948860e-01  8.54615655e-05  7.52445448e-01 
 8.64615655e-05  2.74948860e-01  8.64615655e-05  7.52445448e-01 
 8.74615655e-05  2.74948860e-01  8.74615655e-05  7.52445448e-01 
 8.84615655e-05  2.74948860e-01  8.84615655e-05  7.52445448e-01 
 8.94615655e-05  2.74948860e-01  8.94615655e-05  7.52445448e-01 
 9.04615655e-05  2.74948860e-01  9.04615655e-05  7.52445448e-01 
 9.14615655e-05  2.74948860e-01  9.14615655e-05  7.52445448e-01 
 9.24615655e-05  2.74948860e-01  9.24615655e-05  7.52445448e-01 
 9.34615655e-05  2.74948860e-01  9.34615655e-05  7.52445448e-01 
 9.44615655e-05  2.74948860e-01  9.44615655e-05  7.52445448e-01 
 9.54615655e-05  2.74948860e-01  9.54615655e-05  7.52445448e-01 
 9.64615655e-05  2.74948860e-01  9.64615655e-05  7.52445448e-01 
 9.74615655e-05  2.74948860e-01  9.74615655e-05  7.52445448e-01 
 9.84615655e-05  2.74948860e-01  9.84615655e-05  7.52445448e-01 
 9.94615655e-05  2.74948860e-01  9.94615655e-05  7.52445448e-01 
 1.00461565e-04  2.74948860e-01  1.00461565e-04  7.52445448e-01 
 1.01461565e-04  2.74948860e-01  1.01461565e-04  7.52445448e-01 
 1.02461565e-04  2.74948860e-01  1.02461565e-04  7.52445448e-01 
 1.03461565e-04  2.74948860e-01  1.03461565e-04  7.52445448e-01 
 1.04461565e-04  2.74948860e-01  1.04461565e-04  7.52445448e-01 
 1.05461565e-04  2.74948860e-01  1.05461565e-04  7.52445448e-01 
 1.06461565e-04  2.74948860e-01  1.06461565e-04  7.52445448e-01 
 1.07461565e-04  2.74948860e-01  1.07461565e-04  7.52445448e-01 
 1.08461565e-04  2.74948860e-01  1.08461565e-04  7.52445448e-01 
 1.09461565e-04  2.74948860e-01  1.09461565e-04  7.52445448e-01 
 1.10461565e-04  2.74948860e-01  1.10461565e-04  7.52445448e-01 
 1.11461565e-04  2.74948860e-01  1.11461565e-04  7.52445448e-01 
 1.12461565e-04  2.74948860e-01  1.12461565e-04  7.52445448e-01 
 1.13461565e-04  2.74948860e-01  1.13461565e-04  7.52445448e-01 
 1.14461565e-04  2.74948860e-01  1.14461565e-04  7.52445448e-01 
 1.15461565e-04  2.74948860e-01  1.15461565e-04  7.52445448e-01 
 1.16461565e-04  2.74948860e-01  1.16461565e-04  7.52445448e-01 
 1.17461565e-04  2.74948860e-01  1.17461565e-04  7.52445448e-01 
 1.18461565e-04  2.74948860e-01  1.18461565e-04  7.52445448e-01 
 1.19461565e-04  2.74948860e-01  1.19461565e-04  7.52445448e-01 
 1.20461565e-04  2.74948860e-01  1.20461565e-04  7.52445448e-01 
 1.21461565e-04  2.74948860e-01  1.21461565e-04  7.52445448e-01 
 1.22461565e-04  2.74948860e-01  1.22461565e-04  7.52445448e-01 
 1.23461565e-04  2.74948860e-01  1.23461565e-04  7.52445448e-01 
 1.24461565e-04  2.74948860e-01  1.24461565e-04  7.52445448e-01 
 1.25461565e-04  2.74948860e-01  1.25461565e-04  7.52445448e-01 
 1.26461565e-04  2.74948860e-01  1.26461565e-04  7.52445448e-01 
 1.27461565e-04  2.74948860e-01  1.27461565e-04  7.52445448e-01 
 1.28461565e-04  2.74948860e-01  1.28461565e-04  7.52445448e-01 
 1.29461565e-04  2.74948860e-01  1.29461565e-04  7.52445448e-01 
 1.30461565e-04  2.74948860e-01  1.30461565e-04  7.52445448e-01 
 1.31461565e-04  2.74948860e-01  1.31461565e-04  7.52445448e-01 
 1.32461565e-04  2.74948860e-01  1.32461565e-04  7.52445448e-01 
 1.33461565e-04  2.74948860e-01  1.33461565e-04  7.52445448e-01 
 1.34461565e-04  2.74948860e-01  1.34461565e-04  7.52445448e-01 
 1.35461565e-04  2.74948860e-01  1.35461565e-04  7.52445448e-01 
 1.36461565e-04  2.74948860e-01  1.36461565e-04  7.52445448e-01 
 1.37461565e-04  2.74948860e-01  1.37461565e-04  7.52445448e-01 
 1.38461565e-04  2.74948860e-01  1.38461565e-04  7.52445448e-01 
 1.39461565e-04  2.74948860e-01  1.39461565e-04  7.52445448e-01 
 1.40461565e-04  2.74948860e-01  1.40461565e-04  7.52445448e-01 
 1.41461565e-04  2.74948860e-01  1.41461565e-04  7.52445448e-01 
 1.42461565e-04  2.74948860e-01  1.42461565e-04  7.52445448e-01 
 1.43461565e-04  2.74948860e-01  1.43461565e-04  7.52445448e-01 
 1.44461565e-04  2.74948860e-01  1.44461565e-04  7.52445448e-01 
 1.45461565e-04  2.74948860e-01  1.45461565e-04  7.52445448e-01 
 1.46461565e-04  2.74948860e-01  1.46461565e-04  7.52445448e-01 
 1.47461565e-04  2.74948860e-01  1.47461565e-04  7.52445448e-01 
 1.48461565e-04  2.74948860e-01  1.48461565e-04  7.52445448e-01 
 1.49461565e-04  2.74948860e-01  1.49461565e-04  7.52445448e-01 
 1.50461565e-04  2.74948860e-01  1.50461565e-04  7.52445448e-01 
 1.51461565e-04  2.74948860e-01  1.51461565e-04  7.52445448e-01 
 1.52461565e-04  2.74948860e-01  1.52461565e-04  7.52445448e-01 
 1.53461565e-04  2.74948860e-01  1.53461565e-04  7.52445448e-01 
 1.54461565e-04  2.74948860e-01  1.54461565e-04  7.52445448e-01 
 1.55461565e-04  2.74948860e-01  1.55461565e-04  7.52445448e-01 
 1.56461565e-04  2.74948860e-01  1.56461565e-04  7.52445448e-01 
 1.57461565e-04  2.74948860e-01  1.57461565e-04  7.52445448e-01 
 1.58461565e-04  2.74948860e-01  1.58461565e-04  7.52445448e-01 
 1.59461565e-04  2.74948860e-01  1.59461565e-04  7.52445448e-01 
 1.60461565e-04  2.74948860e-01  1.60461565e-04  7.52445448e-01 
 1.61461565e-04  2.74948860e-01  1.61461565e-04  7.52445448e-01 
 1.62461565e-04  2.74948860e-01  1.62461565e-04  7.52445448e-01 
 1.63461565e-04  2.74948860e-01  1.63461565e-04  7.52445448e-01 
 1.64461565e-04  2.74948860e-01  1.64461565e-04  7.52445448e-01 
 1.65461565e-04  2.74948860e-01  1.65461565e-04  7.52445448e-01 
 1.66461565e-04  2.74948860e-01  1.66461565e-04  7.52445448e-01 
 1.67461565e-04  2.74948860e-01  1.67461565e-04  7.52445448e-01 
 1.68461565e-04  2.74948860e-01  1.68461565e-04  7.52445448e-01 
 1.69461565e-04  2.74948860e-01  1.69461565e-04  7.52445448e-01 
 1.70461565e-04  2.74948860e-01  1.70461565e-04  7.52445448e-01 
 1.71461565e-04  2.74948860e-01  1.71461565e-04  7.52445448e-01 
 1.72461565e-04  2.74948860e-01  1.72461565e-04  7.52445448e-01 
 1.73461565e-04  2.74948860e-01  1.73461565e-04  7.52445448e-01 
 1.74461565e-04  2.74948860e-01  1.74461565e-04  7.52445448e-01 
 1.75461565e-04  2.74948860e-01  1.75461565e-04  7.52445448e-01 
 1.76461565e-04  2.74948860e-01  1.76461565e-04  7.52445448e-01 
 1.77461565e-04  2.74948860e-01  1.77461565e-04  7.52445448e-01 
 1.78461565e-04  2.74948860e-01  1.78461565e-04  7.52445448e-01 
 1.79461565e-04  2.74948860e-01  1.79461565e-04  7.52445448e-01 
 1.80461565e-04  2.74948860e-01  1.80461565e-04  7.52445448e-01 
 1.81461565e-04  2.74948860e-01  1.81461565e-04  7.52445448e-01 
 1.82461565e-04  2.74948860e-01  1.82461565e-04  7.52445448e-01 
 1.83461565e-04  2.74948860e-01  1.83461565e-04  7.52445448e-01 
 1.84461565e-04  2.74948860e-01  1.84461565e-04  7.52445448e-01 
 1.85461565e-04  2.74948860e-01  1.85461565e-04  7.52445448e-01 
 1.86461565e-04  2.74948860e-01  1.86461565e-04  7.52445448e-01 
 1.87461565e-04  2.74948860e-01  1.87461565e-04  7.52445448e-01 
 1.88461565e-04  2.74948860e-01  1.88461565e-04  7.52445448e-01 
 1.89461565e-04  2.74948860e-01  1.89461565e-04  7.52445448e-01 
 1.90461565e-04  2.74948860e-01  1.90461565e-04  7.52445448e-01 
 1.91461565e-04  2.74948860e-01  1.91461565e-04  7.52445448e-01 
 1.92461565e-04  2.74948860e-01  1.92461565e-04  7.52445448e-01 
 1.93461565e-04  2.74948860e-01  1.93461565e-04  7.52445448e-01 
 1.94461565e-04  2.74948860e-01  1.94461565e-04  7.52445448e-01 
 1.95461565e-04  2.74948860e-01  1.95461565e-04  7.52445448e-01 
 1.96461565e-04  2.74948860e-01  1.96461565e-04  7.52445448e-01 
 1.97461565e-04  2.74948860e-01  1.97461565e-04  7.52445448e-01 
 1.98461565e-04  2.74948860e-01  1.98461565e-04  7.52445448e-01 
 1.99461565e-04  2.74948860e-01  1.99461565e-04  7.52445448e-01 
 2.00461565e-04  2.74948860e-01  2.00461565e-04  7.52445448e-01 
 2.01000001e-04  2.74948860e-01  2.01000001e-04  7.52445448e-01 
 2.01000001e-04  2.74948860e-01  2.01000001e-04  7.52445448e-01 
 2.01000001e-04  2.74948860e-01  2.01000001e-04  7.52445448e-01 
 2.01000002e-04  2.74948860e-01  2.01000002e-04  7.52445448e-01 
 2.01000002e-04  2.74948860e-01  2.01000002e-04  7.52445448e-01 
 2.01000002e-04  2.74948860e-01  2.01000002e-04  7.52445448e-01 
 2.01000002e-04  2.74948860e-01  2.01000002e-04  7.52445448e-01 
 2.01000003e-04  2.74948860e-01  2.01000003e-04  7.52445448e-01 
 2.01000003e-04  2.74948860e-01  2.01000003e-04  7.52445448e-01 
 2.01000004e-04  2.74948860e-01  2.01000004e-04  7.52445448e-01 
 2.01000007e-04  2.74948860e-01  2.01000007e-04  7.52445448e-01 
 2.01000012e-04  2.74948860e-01  2.01000012e-04  7.52445448e-01 
 2.01000022e-04  2.74948860e-01  2.01000022e-04  7.52445448e-01 
 2.01000043e-04  2.74948860e-01  2.01000043e-04  7.52445448e-01 
 2.01000084e-04  2.74948860e-01  2.01000084e-04  7.52445448e-01 
 2.01000166e-04  2.74948860e-01  2.01000166e-04  7.52445448e-01 
 2.01000330e-04  2.74948860e-01  2.01000330e-04  7.52445448e-01 
 2.01000657e-04  2.74948860e-01  2.01000657e-04  7.52445448e-01 
 2.01001313e-04  2.74948860e-01  2.01001313e-04  7.52445448e-01 
 2.01002623e-04  2.74948860e-01  2.01002623e-04  7.52445448e-01 
 2.01005245e-04  2.74948860e-01  2.01005245e-04  7.52445448e-01 
 2.01010488e-04  2.74948860e-01  2.01010488e-04  7.52445448e-01 
 2.01020973e-04  2.74948860e-01  2.01020973e-04  7.52445448e-01 
 2.01038534e-04  2.74948860e-01  2.01038534e-04  7.52445448e-01 
 2.01056529e-04  2.74948860e-01  2.01056529e-04  7.52445448e-01 
 2.01086068e-04  2.74948860e-01  2.01086068e-04  7.52445448e-01 
 2.01113932e-04  2.74948860e-01  2.01113932e-04  7.52445448e-01 
 2.01169661e-04  2.74948860e-01  2.01169661e-04  7.52445448e-01 
 2.01259234e-04  2.74948860e-01  2.01259234e-04  7.52445448e-01 
 2.01408706e-04  2.74948860e-01  2.01408706e-04  7.52445448e-01 
 2.01638900e-04  2.74948860e-01  2.01638900e-04  7.52445448e-01 
 2.01905540e-04  2.74948860e-01  2.01905540e-04  7.52445448e-01 
 2.02297607e-04  2.74948860e-01  2.02297607e-04  7.52445448e-01 
 2.03079052e-04  2.74948860e-01  2.03079052e-04  7.52445448e-01 
 2.04079052e-04  2.74948860e-01  2.04079052e-04  7.52445448e-01 
 2.05079052e-04  2.74948860e-01  2.05079052e-04  7.52445448e-01 
 2.06079052e-04  2.74948860e-01  2.06079052e-04  7.52445448e-01 
 2.07079052e-04  2.74948860e-01  2.07079052e-04  7.52445448e-01 
 2.08079052e-04  2.74948860e-01  2.08079052e-04  7.52445448e-01 
 2.09079052e-04  2.74948860e-01  2.09079052e-04  7.52445448e-01 
 2.10079052e-04  2.74948860e-01  2.10079052e-04  7.52445448e-01 
 2.11079052e-04  2.74948860e-01  2.11079052e-04  7.52445448e-01 
 2.12079052e-04  2.74948860e-01  2.12079052e-04  7.52445448e-01 
 2.13079052e-04  2.74948860e-01  2.13079052e-04  7.52445448e-01 
 2.14079052e-04  2.74948860e-01  2.14079052e-04  7.52445448e-01 
 2.15079052e-04  2.74948860e-01  2.15079052e-04  7.52445448e-01 
 2.16079052e-04  2.74948860e-01  2.16079052e-04  7.52445448e-01 
 2.17079052e-04  2.74948860e-01  2.17079052e-04  7.52445448e-01 
 2.18079052e-04  2.74948860e-01  2.18079052e-04  7.52445448e-01 
 2.19079052e-04  2.74948860e-01  2.19079052e-04  7.52445448e-01 
 2.20079052e-04  2.74948860e-01  2.20079052e-04  7.52445448e-01 
 2.21079052e-04  2.74948860e-01  2.21079052e-04  7.52445448e-01 
 2.22079052e-04  2.74948860e-01  2.22079052e-04  7.52445448e-01 
 2.23079052e-04  2.74948860e-01  2.23079052e-04  7.52445448e-01 
 2.24079052e-04  2.74948860e-01  2.24079052e-04  7.52445448e-01 
 2.25079052e-04  2.74948860e-01  2.25079052e-04  7.52445448e-01 
 2.26079052e-04  2.74948860e-01  2.26079052e-04  7.52445448e-01 
 2.27079052e-04  2.74948860e-01  2.27079052e-04  7.52445448e-01 
 2.28079052e-04  2.74948860e-01  2.28079052e-04  7.52445448e-01 
 2.29079052e-04  2.74948860e-01  2.29079052e-04  7.52445448e-01 
 2.30079052e-04  2.74948860e-01  2.30079052e-04  7.52445448e-01 
 2.31079052e-04  2.74948860e-01  2.31079052e-04  7.52445448e-01 
 2.32079052e-04  2.74948860e-01  2.32079052e-04  7.52445448e-01 
 2.33079052e-04  2.74948860e-01  2.33079052e-04  7.52445448e-01 
 2.34079052e-04  2.74948860e-01  2.34079052e-04  7.52445448e-01 
 2.35079052e-04  2.74948860e-01  2.35079052e-04  7.52445448e-01 
 2.36079052e-04  2.74948860e-01  2.36079052e-04  7.52445448e-01 
 2.37079052e-04  2.74948860e-01  2.37079052e-04  7.52445448e-01 
 2.38079052e-04  2.74948860e-01  2.38079052e-04  7.52445448e-01 
 2.39079052e-04  2.74948860e-01  2.39079052e-04  7.52445448e-01 
 2.40079052e-04  2.74948860e-01  2.40079052e-04  7.52445448e-01 
 2.41079052e-04  2.74948860e-01  2.41079052e-04  7.52445448e-01 
 2.42079052e-04  2.74948860e-01  2.42079052e-04  7.52445448e-01 
 2.43079052e-04  2.74948860e-01  2.43079052e-04  7.52445448e-01 
 2.44079052e-04  2.74948860e-01  2.44079052e-04  7.52445448e-01 
 2.45079052e-04  2.74948860e-01  2.45079052e-04  7.52445448e-01 
 2.46079052e-04  2.74948860e-01  2.46079052e-04  7.52445448e-01 
 2.47079052e-04  2.74948860e-01  2.47079052e-04  7.52445448e-01 
 2.48079052e-04  2.74948860e-01  2.48079052e-04  7.52445448e-01 
 2.49079052e-04  2.74948860e-01  2.49079052e-04  7.52445448e-01 
 2.50079052e-04  2.74948860e-01  2.50079052e-04  7.52445448e-01 
 2.51079052e-04  2.74948860e-01  2.51079052e-04  7.52445448e-01 
 2.52079052e-04  2.74948860e-01  2.52079052e-04  7.52445448e-01 
 2.53079052e-04  2.74948860e-01  2.53079052e-04  7.52445448e-01 
 2.54079052e-04  2.74948860e-01  2.54079052e-04  7.52445448e-01 
 2.55079052e-04  2.74948860e-01  2.55079052e-04  7.52445448e-01 
 2.56079052e-04  2.74948860e-01  2.56079052e-04  7.52445448e-01 
 2.57079052e-04  2.74948860e-01  2.57079052e-04  7.52445448e-01 
 2.58079052e-04  2.74948860e-01  2.58079052e-04  7.52445448e-01 
 2.59079052e-04  2.74948860e-01  2.59079052e-04  7.52445448e-01 
 2.60079052e-04  2.74948860e-01  2.60079052e-04  7.52445448e-01 
 2.61079052e-04  2.74948860e-01  2.61079052e-04  7.52445448e-01 
 2.62079052e-04  2.74948860e-01  2.62079052e-04  7.52445448e-01 
 2.63079052e-04  2.74948860e-01  2.63079052e-04  7.52445448e-01 
 2.64079052e-04  2.74948860e-01  2.64079052e-04  7.52445448e-01 
 2.65079052e-04  2.74948860e-01  2.65079052e-04  7.52445448e-01 
 2.66079052e-04  2.74948860e-01  2.66079052e-04  7.52445448e-01 
 2.67079052e-04  2.74948860e-01  2.67079052e-04  7.52445448e-01 
 2.68079052e-04  2.74948860e-01  2.68079052e-04  7.52445448e-01 
 2.69079052e-04  2.74948860e-01  2.69079052e-04  7.52445448e-01 
 2.70079052e-04  2.74948860e-01  2.70079052e-04  7.52445448e-01 
 2.71079052e-04  2.74948860e-01  2.71079052e-04  7.52445448e-01 
 2.72079052e-04  2.74948860e-01  2.72079052e-04  7.52445448e-01 
 2.73079052e-04  2.74948860e-01  2.73079052e-04  7.52445448e-01 
 2.74079052e-04  2.74948860e-01  2.74079052e-04  7.52445448e-01 
 2.75079052e-04  2.74948860e-01  2.75079052e-04  7.52445448e-01 
 2.76079052e-04  2.74948860e-01  2.76079052e-04  7.52445448e-01 
 2.77079052e-04  2.74948860e-01  2.77079052e-04  7.52445448e-01 
 2.78079052e-04  2.74948860e-01  2.78079052e-04  7.52445448e-01 
 2.79079052e-04  2.74948860e-01  2.79079052e-04  7.52445448e-01 
 2.80079052e-04  2.74948860e-01  2.80079052e-04  7.52445448e-01 
 2.81079052e-04  2.74948860e-01  2.81079052e-04  7.52445448e-01 
 2.82079052e-04  2.74948860e-01  2.82079052e-04  7.52445448e-01 
 2.83079052e-04  2.74948860e-01  2.83079052e-04  7.52445448e-01 
 2.84079052e-04  2.74948860e-01  2.84079052e-04  7.52445448e-01 
 2.85079052e-04  2.74948860e-01  2.85079052e-04  7.52445448e-01 
 2.86079052e-04  2.74948860e-01  2.86079052e-04  7.52445448e-01 
 2.87079052e-04  2.74948860e-01  2.87079052e-04  7.52445448e-01 
 2.88079052e-04  2.74948860e-01  2.88079052e-04  7.52445448e-01 
 2.89079052e-04  2.74948860e-01  2.89079052e-04  7.52445448e-01 
 2.90079052e-04  2.74948860e-01  2.90079052e-04  7.52445448e-01 
 2.91079052e-04  2.74948860e-01  2.91079052e-04  7.52445448e-01 
 2.92079052e-04  2.74948860e-01  2.92079052e-04  7.52445448e-01 
 2.93079052e-04  2.74948860e-01  2.93079052e-04  7.52445448e-01 
 2.94079052e-04  2.74948860e-01  2.94079052e-04  7.52445448e-01 
 2.95079052e-04  2.74948860e-01  2.95079052e-04  7.52445448e-01 
 2.96079052e-04  2.74948860e-01  2.96079052e-04  7.52445448e-01 
 2.97079052e-04  2.74948860e-01  2.97079052e-04  7.52445448e-01 
 2.98079052e-04  2.74948860e-01  2.98079052e-04  7.52445448e-01 
 2.99079052e-04  2.74948860e-01  2.99079052e-04  7.52445448e-01 
 3.00079052e-04  2.74948860e-01  3.00079052e-04  7.52445448e-01 
 3.01079052e-04  2.74948860e-01  3.01079052e-04  7.52445448e-01 
 3.02079052e-04  2.74948860e-01  3.02079052e-04  7.52445448e-01 
 3.03079052e-04  2.74948860e-01  3.03079052e-04  7.52445448e-01 
 3.04079052e-04  2.74948860e-01  3.04079052e-04  7.52445448e-01 
 3.05079052e-04  2.74948860e-01  3.05079052e-04  7.52445448e-01 
 3.06079052e-04  2.74948860e-01  3.06079052e-04  7.52445448e-01 
 3.07079052e-04  2.74948860e-01  3.07079052e-04  7.52445448e-01 
 3.08079052e-04  2.74948860e-01  3.08079052e-04  7.52445448e-01 
 3.09079052e-04  2.74948860e-01  3.09079052e-04  7.52445448e-01 
 3.10079052e-04  2.74948860e-01  3.10079052e-04  7.52445448e-01 
 3.11079052e-04  2.74948860e-01  3.11079052e-04  7.52445448e-01 
 3.12079052e-04  2.74948860e-01  3.12079052e-04  7.52445448e-01 
 3.13079052e-04  2.74948860e-01  3.13079052e-04  7.52445448e-01 
 3.14079052e-04  2.74948860e-01  3.14079052e-04  7.52445448e-01 
 3.15079052e-04  2.74948860e-01  3.15079052e-04  7.52445448e-01 
 3.16079052e-04  2.74948860e-01  3.16079052e-04  7.52445448e-01 
 3.17079052e-04  2.74948860e-01  3.17079052e-04  7.52445448e-01 
 3.18079052e-04  2.74948860e-01  3.18079052e-04  7.52445448e-01 
 3.19079052e-04  2.74948860e-01  3.19079052e-04  7.52445448e-01 
 3.20079052e-04  2.74948860e-01  3.20079052e-04  7.52445448e-01 
 3.21079052e-04  2.74948860e-01  3.21079052e-04  7.52445448e-01 
 3.22079052e-04  2.74948860e-01  3.22079052e-04  7.52445448e-01 
 3.23079052e-04  2.74948860e-01  3.23079052e-04  7.52445448e-01 
 3.24079052e-04  2.74948860e-01  3.24079052e-04  7.52445448e-01 
 3.25079052e-04  2.74948860e-01  3.25079052e-04  7.52445448e-01 
 3.26079052e-04  2.74948860e-01  3.26079052e-04  7.52445448e-01 
 3.27079052e-04  2.74948860e-01  3.27079052e-04  7.52445448e-01 
 3.28079052e-04  2.74948860e-01  3.28079052e-04  7.52445448e-01 
 3.29079052e-04  2.74948860e-01  3.29079052e-04  7.52445448e-01 
 3.30079052e-04  2.74948860e-01  3.30079052e-04  7.52445448e-01 
 3.31079052e-04  2.74948860e-01  3.31079052e-04  7.52445448e-01 
 3.32079052e-04  2.74948860e-01  3.32079052e-04  7.52445448e-01 
 3.33079052e-04  2.74948860e-01  3.33079052e-04  7.52445448e-01 
 3.34079052e-04  2.74948860e-01  3.34079052e-04  7.52445448e-01 
 3.35079052e-04  2.74948860e-01  3.35079052e-04  7.52445448e-01 
 3.36079052e-04  2.74948860e-01  3.36079052e-04  7.52445448e-01 
 3.37079052e-04  2.74948860e-01  3.37079052e-04  7.52445448e-01 
 3.38079052e-04  2.74948860e-01  3.38079052e-04  7.52445448e-01 
 3.39079052e-04  2.74948860e-01  3.39079052e-04  7.52445448e-01 
 3.40079052e-04  2.74948860e-01  3.40079052e-04  7.52445448e-01 
 3.41079052e-04  2.74948860e-01  3.41079052e-04  7.52445448e-01 
 3.42079052e-04  2.74948860e-01  3.42079052e-04  7.52445448e-01 
 3.43079052e-04  2.74948860e-01  3.43079052e-04  7.52445448e-01 
 3.44079052e-04  2.74948860e-01  3.44079052e-04  7.52445448e-01 
 3.45079052e-04  2.74948860e-01  3.45079052e-04  7.52445448e-01 
 3.46079052e-04  2.74948860e-01  3.46079052e-04  7.52445448e-01 
 3.47079052e-04  2.74948860e-01  3.47079052e-04  7.52445448e-01 
 3.48079052e-04  2.74948860e-01  3.48079052e-04  7.52445448e-01 
 3.49079052e-04  2.74948860e-01  3.49079052e-04  7.52445448e-01 
 3.50079052e-04  2.74948860e-01  3.50079052e-04  7.52445448e-01 
 3.51079052e-04  2.74948860e-01  3.51079052e-04  7.52445448e-01 
 3.52079052e-04  2.74948860e-01  3.52079052e-04  7.52445448e-01 
 3.53079052e-04  2.74948860e-01  3.53079052e-04  7.52445448e-01 
 3.54079052e-04  2.74948860e-01  3.54079052e-04  7.52445448e-01 
 3.55079052e-04  2.74948860e-01  3.55079052e-04  7.52445448e-01 
 3.56079052e-04  2.74948860e-01  3.56079052e-04  7.52445448e-01 
 3.57079052e-04  2.74948860e-01  3.57079052e-04  7.52445448e-01 
 3.58079052e-04  2.74948860e-01  3.58079052e-04  7.52445448e-01 
 3.59079052e-04  2.74948860e-01  3.59079052e-04  7.52445448e-01 
 3.60079052e-04  2.74948860e-01  3.60079052e-04  7.52445448e-01 
 3.61079052e-04  2.74948860e-01  3.61079052e-04  7.52445448e-01 
 3.62079052e-04  2.74948860e-01  3.62079052e-04  7.52445448e-01 
 3.63079052e-04  2.74948860e-01  3.63079052e-04  7.52445448e-01 
 3.64079052e-04  2.74948860e-01  3.64079052e-04  7.52445448e-01 
 3.65079052e-04  2.74948860e-01  3.65079052e-04  7.52445448e-01 
 3.66079052e-04  2.74948860e-01  3.66079052e-04  7.52445448e-01 
 3.67079052e-04  2.74948860e-01  3.67079052e-04  7.52445448e-01 
 3.68079052e-04  2.74948860e-01  3.68079052e-04  7.52445448e-01 
 3.69079052e-04  2.74948860e-01  3.69079052e-04  7.52445448e-01 
 3.70079052e-04  2.74948860e-01  3.70079052e-04  7.52445448e-01 
 3.71079052e-04  2.74948860e-01  3.71079052e-04  7.52445448e-01 
 3.72079052e-04  2.74948860e-01  3.72079052e-04  7.52445448e-01 
 3.73079052e-04  2.74948860e-01  3.73079052e-04  7.52445448e-01 
 3.74079052e-04  2.74948860e-01  3.74079052e-04  7.52445448e-01 
 3.75079052e-04  2.74948860e-01  3.75079052e-04  7.52445448e-01 
 3.76079052e-04  2.74948860e-01  3.76079052e-04  7.52445448e-01 
 3.77079052e-04  2.74948860e-01  3.77079052e-04  7.52445448e-01 
 3.78079052e-04  2.74948860e-01  3.78079052e-04  7.52445448e-01 
 3.79079052e-04  2.74948860e-01  3.79079052e-04  7.52445448e-01 
 3.80079052e-04  2.74948860e-01  3.80079052e-04  7.52445448e-01 
 3.81079052e-04  2.74948860e-01  3.81079052e-04  7.52445448e-01 
 3.82079052e-04  2.74948860e-01  3.82079052e-04  7.52445448e-01 
 3.83079052e-04  2.74948860e-01  3.83079052e-04  7.52445448e-01 
 3.84079052e-04  2.74948860e-01  3.84079052e-04  7.52445448e-01 
 3.85079052e-04  2.74948860e-01  3.85079052e-04  7.52445448e-01 
 3.86079052e-04  2.74948860e-01  3.86079052e-04  7.52445448e-01 
 3.87079052e-04  2.74948860e-01  3.87079052e-04  7.52445448e-01 
 3.88079052e-04  2.74948860e-01  3.88079052e-04  7.52445448e-01 
 3.89079052e-04  2.74948860e-01  3.89079052e-04  7.52445448e-01 
 3.90079052e-04  2.74948860e-01  3.90079052e-04  7.52445448e-01 
 3.91079052e-04  2.74948860e-01  3.91079052e-04  7.52445448e-01 
 3.92079052e-04  2.74948860e-01  3.92079052e-04  7.52445448e-01 
 3.93079052e-04  2.74948860e-01  3.93079052e-04  7.52445448e-01 
 3.94079052e-04  2.74948860e-01  3.94079052e-04  7.52445448e-01 
 3.95079052e-04  2.74948860e-01  3.95079052e-04  7.52445448e-01 
 3.96079052e-04  2.74948860e-01  3.96079052e-04  7.52445448e-01 
 3.97079052e-04  2.74948860e-01  3.97079052e-04  7.52445448e-01 
 3.98079052e-04  2.74948860e-01  3.98079052e-04  7.52445448e-01 
 3.99079052e-04  2.74948860e-01  3.99079052e-04  7.52445448e-01 
 4.00079052e-04  2.74948860e-01  4.00079052e-04  7.52445448e-01 
 4.01000000e-04  2.74948860e-01  4.01000000e-04  7.52445448e-01 
