 0.00000000e+00 -1.23930938e-18  0.00000000e+00  5.08922200e-01  0.00000000e+00  1.16317675e-01 
 2.00000000e-02  5.89729405e-03  2.00000000e-02  5.08922200e-01  2.00000000e-02  1.16317675e-01 
 4.00000000e-02  1.16607391e-02  4.00000000e-02  5.08922200e-01  4.00000000e-02  1.16317675e-01 
 6.00000000e-02  1.73422115e-02  6.00000000e-02  5.08922200e-01  6.00000000e-02  1.16317675e-01 
 8.00000000e-02  2.29783505e-02  8.00000000e-02  5.08922200e-01  8.00000000e-02  1.16317675e-01 
 1.00000000e-01  2.85930231e-02  1.00000000e-01  5.08922200e-01  1.00000000e-01  1.16317675e-01 
 1.20000000e-01  3.42002265e-02  1.20000000e-01  5.08922200e-01  1.20000000e-01  1.16317675e-01 
 1.40000000e-01  3.98067739e-02  1.40000000e-01  5.08922200e-01  1.40000000e-01  1.16317675e-01 
 1.60000000e-01  4.54145557e-02  1.60000000e-01  5.08922200e-01  1.60000000e-01  1.16317675e-01 
 1.80000000e-01  5.10223129e-02  1.80000000e-01  5.08922200e-01  1.80000000e-01  1.16317675e-01 
 2.00000000e-01  5.66269912e-02  2.00000000e-01  5.08922200e-01  2.00000000e-01  1.16317675e-01 
 2.20000000e-01  6.22247963e-02  2.20000000e-01  5.08922200e-01  2.20000000e-01  1.16317675e-01 
 2.40000000e-01  6.78121015e-02  2.40000000e-01  5.08922200e-01  2.40000000e-01  1.16317675e-01 
 2.60000000e-01  7.33863949e-02  2.60000000e-01  5.08922200e-01  2.60000000e-01  1.16317675e-01 
 2.80000000e-01  7.89475017e-02  2.80000000e-01  5.08922200e-01  2.80000000e-01  1.16317675e-01 
 3.00000000e-01  8.44994054e-02  3.00000000e-01  5.08922200e-01  3.00000000e-01  1.16317675e-01 
 3.20000000e-01  9.00531520e-02  3.20000000e-01  5.08922200e-01  3.20000000e-01  1.16317675e-01 
 3.40000000e-01  9.56315851e-02  3.40000000e-01  5.08922200e-01  3.40000000e-01  1.16317675e-01 
 3.60000000e-01  1.01277057e-01  3.60000000e-01  5.08922200e-01  3.60000000e-01  1.16317675e-01 
 3.80000000e-01  1.07063815e-01  3.80000000e-01  5.08922200e-01  3.80000000e-01  1.16317675e-01 
 4.00000000e-01  1.13117419e-01  4.00000000e-01  5.08922200e-01  4.00000000e-01  1.16317675e-01 
 4.20000000e-01  1.19643986e-01  4.20000000e-01  5.08922200e-01  4.20000000e-01  1.16317675e-01 
 4.40000000e-01  1.26971657e-01  4.40000000e-01  5.08922200e-01  4.40000000e-01  1.16317675e-01 
 4.60000000e-01  1.35603096e-01  4.60000000e-01  5.08922200e-01  4.60000000e-01  1.16317675e-01 
 4.80000000e-01  1.46263591e-01  4.80000000e-01  5.08922200e-01  4.80000000e-01  1.16317675e-01 
 5.00000000e-01  1.59874845e-01  5.00000000e-01  5.08922200e-01  5.00000000e-01  1.16317675e-01 
 5.20000000e-01  1.77115412e-01  5.20000000e-01  5.08922200e-01  5.20000000e-01  1.16317675e-01 
 5.40000000e-01  1.97938328e-01  5.40000000e-01  5.08922200e-01  5.40000000e-01  1.16317675e-01 
 5.60000000e-01  2.19197504e-01  5.60000000e-01  5.08922200e-01  5.60000000e-01  1.16317675e-01 
 5.80000000e-01  2.38087385e-01  5.80000000e-01  5.08922200e-01  5.80000000e-01  1.16317675e-01 
 6.00000000e-01  2.53971192e-01  6.00000000e-01  5.08922200e-01  6.00000000e-01  1.16317675e-01 
 6.20000000e-01  2.73513213e-01  6.20000000e-01  5.08922200e-01  6.20000000e-01  1.16317675e-01 
 6.40000000e-01  2.80391342e-01  6.40000000e-01  5.08922200e-01  6.40000000e-01  1.16317675e-01 
 6.60000000e-01  2.87796919e-01  6.60000000e-01  5.08922200e-01  6.60000000e-01  1.16317675e-01 
 6.80000000e-01  2.97018794e-01  6.80000000e-01  5.08922200e-01  6.80000000e-01  1.16317675e-01 
 7.00000000e-01  3.08166148e-01  7.00000000e-01  5.08922200e-01  7.00000000e-01  1.16317675e-01 
 7.20000000e-01  3.20657687e-01  7.20000000e-01  5.08922200e-01  7.20000000e-01  1.16317675e-01 
 7.40000000e-01  3.33816584e-01  7.40000000e-01  5.08922200e-01  7.40000000e-01  1.16317675e-01 
 7.60000000e-01  3.47072346e-01  7.60000000e-01  5.08922200e-01  7.60000000e-01  1.16317675e-01 
 7.80000000e-01  3.59842604e-01  7.80000000e-01  5.08922200e-01  7.80000000e-01  1.16317675e-01 
 8.00000000e-01  3.71643114e-01  8.00000000e-01  5.08922200e-01  8.00000000e-01  1.16317675e-01 
 8.20000000e-01  3.82318793e-01  8.20000000e-01  5.08922200e-01  8.20000000e-01  1.16317675e-01 
 8.40000000e-01  3.92015392e-01  8.40000000e-01  5.08922200e-01  8.40000000e-01  1.16317675e-01 
 8.60000000e-01  4.01019774e-01  8.60000000e-01  5.08922200e-01  8.60000000e-01  1.16317675e-01 
 8.80000000e-01  4.09555209e-01  8.80000000e-01  5.08922200e-01  8.80000000e-01  1.16317675e-01 
 9.00000000e-01  4.17788893e-01  9.00000000e-01  5.08922200e-01  9.00000000e-01  1.16317675e-01 
 9.20000000e-01  4.25841401e-01  9.20000000e-01  5.08922200e-01  9.20000000e-01  1.16317675e-01 
 9.40000000e-01  4.33804247e-01  9.40000000e-01  5.08922200e-01  9.40000000e-01  1.16317675e-01 
 9.60000000e-01  4.41756826e-01  9.60000000e-01  5.08922200e-01  9.60000000e-01  1.16317675e-01 
 9.80000000e-01  4.49777876e-01  9.80000000e-01  5.08922200e-01  9.80000000e-01  1.16317675e-01 
 1.00000000e+00  4.57947385e-01  1.00000000e+00  5.08922200e-01  1.00000000e+00  1.16317675e-01 
 1.02000000e+00  4.66334665e-01  1.02000000e+00  5.08922200e-01  1.02000000e+00  1.16317675e-01 
 1.04000000e+00  4.74965243e-01  1.04000000e+00  5.08922200e-01  1.04000000e+00  1.16317675e-01 
 1.06000000e+00  4.83733241e-01  1.06000000e+00  5.08922200e-01  1.06000000e+00  1.16317675e-01 
 1.08000000e+00  4.92198088e-01  1.08000000e+00  5.08922200e-01  1.08000000e+00  1.16317675e-01 
 1.10000000e+00  4.99395378e-01  1.10000000e+00  5.08922200e-01  1.10000000e+00  1.16317675e-01 
 1.12000000e+00  5.04235151e-01  1.12000000e+00  5.08922200e-01  1.12000000e+00  1.16317675e-01 
 1.14000000e+00  5.06747846e-01  1.14000000e+00  5.08922200e-01  1.14000000e+00  1.16317675e-01 
 1.16000000e+00  5.07866578e-01  1.16000000e+00  5.08922200e-01  1.16000000e+00  1.16317675e-01 
 1.18000000e+00  5.08316591e-01  1.18000000e+00  5.08922200e-01  1.18000000e+00  1.16317675e-01 
 1.20000000e+00  5.08507403e-01  1.20000000e+00  5.08922200e-01  1.20000000e+00  1.16317675e-01 
 1.22000000e+00  5.08601376e-01  1.22000000e+00  5.08922200e-01  1.22000000e+00  1.16317675e-01 
 1.24000000e+00  5.08655032e-01  1.24000000e+00  5.08922200e-01  1.24000000e+00  1.16317675e-01 
 1.26000000e+00  5.08688503e-01  1.26000000e+00  5.08922200e-01  1.26000000e+00  1.16317675e-01 
 1.28000000e+00  5.08710616e-01  1.28000000e+00  5.08922200e-01  1.28000000e+00  1.16317675e-01 
 1.30000000e+00  5.08726165e-01  1.30000000e+00  5.08922200e-01  1.30000000e+00  1.16317675e-01 
 1.32000000e+00  5.08738190e-01  1.32000000e+00  5.08922200e-01  1.32000000e+00  1.16317675e-01 
 1.34000000e+00  5.08748547e-01  1.34000000e+00  5.08922200e-01  1.34000000e+00  1.16317675e-01 
 1.36000000e+00  5.08758120e-01  1.36000000e+00  5.08922200e-01  1.36000000e+00  1.16317675e-01 
 1.38000000e+00  5.08767220e-01  1.38000000e+00  5.08922200e-01  1.38000000e+00  1.16317675e-01 
 1.40000000e+00  5.08775965e-01  1.40000000e+00  5.08922200e-01  1.40000000e+00  1.16317675e-01 
 1.42000000e+00  5.08784427e-01  1.42000000e+00  5.08922200e-01  1.42000000e+00  1.16317675e-01 
 1.44000000e+00  5.08792657e-01  1.44000000e+00  5.08922200e-01  1.44000000e+00  1.16317675e-01 
 1.46000000e+00  5.08800691e-01  1.46000000e+00  5.08922200e-01  1.46000000e+00  1.16317675e-01 
 1.48000000e+00  5.08808558e-01  1.48000000e+00  5.08922200e-01  1.48000000e+00  1.16317675e-01 
 1.50000000e+00  5.08816280e-01  1.50000000e+00  5.08922200e-01  1.50000000e+00  1.16317675e-01 
 1.52000000e+00  5.08823875e-01  1.52000000e+00  5.08922200e-01  1.52000000e+00  1.16317675e-01 
 1.54000000e+00  5.08831358e-01  1.54000000e+00  5.08922200e-01  1.54000000e+00  1.16317675e-01 
 1.56000000e+00  5.08838742e-01  1.56000000e+00  5.08922200e-01  1.56000000e+00  1.16317675e-01 
 1.58000000e+00  5.08846036e-01  1.58000000e+00  5.08922200e-01  1.58000000e+00  1.16317675e-01 
 1.60000000e+00  5.08853250e-01  1.60000000e+00  5.08922200e-01  1.60000000e+00  1.16317675e-01 
 1.62000000e+00  5.08860391e-01  1.62000000e+00  5.08922200e-01  1.62000000e+00  1.16317675e-01 
 1.64000000e+00  5.08867465e-01  1.64000000e+00  5.08922200e-01  1.64000000e+00  1.16317675e-01 
 1.66000000e+00  5.08874478e-01  1.66000000e+00  5.08922200e-01  1.66000000e+00  1.16317675e-01 
 1.68000000e+00  5.08881434e-01  1.68000000e+00  5.08922200e-01  1.68000000e+00  1.16317675e-01 
 1.70000000e+00  5.08888338e-01  1.70000000e+00  5.08922200e-01  1.70000000e+00  1.16317675e-01 
 1.72000000e+00  5.08895193e-01  1.72000000e+00  5.08922200e-01  1.72000000e+00  1.16317675e-01 
 1.74000000e+00  5.08902002e-01  1.74000000e+00  5.08922200e-01  1.74000000e+00  1.16317675e-01 
 1.76000000e+00  5.08908768e-01  1.76000000e+00  5.08922200e-01  1.76000000e+00  1.16317675e-01 
 1.78000000e+00  5.08915494e-01  1.78000000e+00  5.08922200e-01  1.78000000e+00  1.16317675e-01 
 1.80000000e+00  5.08922181e-01  1.80000000e+00  5.08922200e-01  1.80000000e+00  1.16317675e-01 
 1.82000000e+00  5.08928832e-01  1.82000000e+00  5.08922200e-01  1.82000000e+00  1.16317675e-01 
 1.84000000e+00  5.08935448e-01  1.84000000e+00  5.08922200e-01  1.84000000e+00  1.16317675e-01 
 1.86000000e+00  5.08942031e-01  1.86000000e+00  5.08922200e-01  1.86000000e+00  1.16317675e-01 
 1.88000000e+00  5.08948582e-01  1.88000000e+00  5.08922200e-01  1.88000000e+00  1.16317675e-01 
 1.90000000e+00  5.08955102e-01  1.90000000e+00  5.08922200e-01  1.90000000e+00  1.16317675e-01 
 1.92000000e+00  5.08961593e-01  1.92000000e+00  5.08922200e-01  1.92000000e+00  1.16317675e-01 
 1.94000000e+00  5.08968055e-01  1.94000000e+00  5.08922200e-01  1.94000000e+00  1.16317675e-01 
 1.96000000e+00  5.08974489e-01  1.96000000e+00  5.08922200e-01  1.96000000e+00  1.16317675e-01 
 1.98000000e+00  5.08980896e-01  1.98000000e+00  5.08922200e-01  1.98000000e+00  1.16317675e-01 
 2.00000000e+00  5.08987278e-01  2.00000000e+00  5.08922200e-01  2.00000000e+00  1.16317675e-01 
