-2.00000000e+01  5.09385390e-01 -2.00000000e+01  5.08967500e-01 -2.00000000e+01  6.77396832e+01 
-1.90000000e+01  5.09383666e-01 -1.90000000e+01  5.08967500e-01 -1.90000000e+01  6.77396832e+01 
-1.80000000e+01  5.09374439e-01 -1.80000000e+01  5.08967500e-01 -1.80000000e+01  6.77396832e+01 
-1.70000000e+01  5.09368929e-01 -1.70000000e+01  5.08967500e-01 -1.70000000e+01  6.77396832e+01 
-1.60000000e+01  5.09363788e-01 -1.60000000e+01  5.08967500e-01 -1.60000000e+01  6.77396832e+01 
-1.50000000e+01  5.09358882e-01 -1.50000000e+01  5.08967500e-01 -1.50000000e+01  6.77396832e+01 
-1.40000000e+01  5.09354109e-01 -1.40000000e+01  5.08967500e-01 -1.40000000e+01  6.77396832e+01 
-1.30000000e+01  5.09349441e-01 -1.30000000e+01  5.08967500e-01 -1.30000000e+01  6.77396832e+01 
-1.20000000e+01  5.09344845e-01 -1.20000000e+01  5.08967500e-01 -1.20000000e+01  6.77396832e+01 
-1.10000000e+01  5.09340293e-01 -1.10000000e+01  5.08967500e-01 -1.10000000e+01  6.77396832e+01 
-1.00000000e+01  5.09335754e-01 -1.00000000e+01  5.08967500e-01 -1.00000000e+01  6.77396832e+01 
-9.00000000e+00  5.09331197e-01 -9.00000000e+00  5.08967500e-01 -9.00000000e+00  6.77396832e+01 
-8.00000000e+00  5.09326594e-01 -8.00000000e+00  5.08967500e-01 -8.00000000e+00  6.77396832e+01 
-7.00000000e+00  5.09321914e-01 -7.00000000e+00  5.08967500e-01 -7.00000000e+00  6.77396832e+01 
-6.00000000e+00  5.09317129e-01 -6.00000000e+00  5.08967500e-01 -6.00000000e+00  6.77396832e+01 
-5.00000000e+00  5.09312209e-01 -5.00000000e+00  5.08967500e-01 -5.00000000e+00  6.77396832e+01 
-4.00000000e+00  5.09307125e-01 -4.00000000e+00  5.08967500e-01 -4.00000000e+00  6.77396832e+01 
-3.00000000e+00  5.09301849e-01 -3.00000000e+00  5.08967500e-01 -3.00000000e+00  6.77396832e+01 
-2.00000000e+00  5.09296353e-01 -2.00000000e+00  5.08967500e-01 -2.00000000e+00  6.77396832e+01 
-1.00000000e+00  5.09290608e-01 -1.00000000e+00  5.08967500e-01 -1.00000000e+00  6.77396832e+01 
 0.00000000e+00  5.09284587e-01  0.00000000e+00  5.08967500e-01  0.00000000e+00  6.77396832e+01 
 1.00000000e+00  5.09278260e-01  1.00000000e+00  5.08967500e-01  1.00000000e+00  6.77396832e+01 
 2.00000000e+00  5.09271602e-01  2.00000000e+00  5.08967500e-01  2.00000000e+00  6.77396832e+01 
 3.00000000e+00  5.09264585e-01  3.00000000e+00  5.08967500e-01  3.00000000e+00  6.77396832e+01 
 4.00000000e+00  5.09257181e-01  4.00000000e+00  5.08967500e-01  4.00000000e+00  6.77396832e+01 
 5.00000000e+00  5.09249364e-01  5.00000000e+00  5.08967500e-01  5.00000000e+00  6.77396832e+01 
 6.00000000e+00  5.09241108e-01  6.00000000e+00  5.08967500e-01  6.00000000e+00  6.77396832e+01 
 7.00000000e+00  5.09232385e-01  7.00000000e+00  5.08967500e-01  7.00000000e+00  6.77396832e+01 
 8.00000000e+00  5.09223171e-01  8.00000000e+00  5.08967500e-01  8.00000000e+00  6.77396832e+01 
 9.00000000e+00  5.09213440e-01  9.00000000e+00  5.08967500e-01  9.00000000e+00  6.77396832e+01 
 1.00000000e+01  5.09203166e-01  1.00000000e+01  5.08967500e-01  1.00000000e+01  6.77396832e+01 
 1.10000000e+01  5.09192323e-01  1.10000000e+01  5.08967500e-01  1.10000000e+01  6.77396832e+01 
 1.20000000e+01  5.09180888e-01  1.20000000e+01  5.08967500e-01  1.20000000e+01  6.77396832e+01 
 1.30000000e+01  5.09168835e-01  1.30000000e+01  5.08967500e-01  1.30000000e+01  6.77396832e+01 
 1.40000000e+01  5.09156140e-01  1.40000000e+01  5.08967500e-01  1.40000000e+01  6.77396832e+01 
 1.50000000e+01  5.09142780e-01  1.50000000e+01  5.08967500e-01  1.50000000e+01  6.77396832e+01 
 1.60000000e+01  5.09128729e-01  1.60000000e+01  5.08967500e-01  1.60000000e+01  6.77396832e+01 
 1.70000000e+01  5.09113966e-01  1.70000000e+01  5.08967500e-01  1.70000000e+01  6.77396832e+01 
 1.80000000e+01  5.09098467e-01  1.80000000e+01  5.08967500e-01  1.80000000e+01  6.77396832e+01 
 1.90000000e+01  5.09082209e-01  1.90000000e+01  5.08967500e-01  1.90000000e+01  6.77396832e+01 
 2.00000000e+01  5.09065169e-01  2.00000000e+01  5.08967500e-01  2.00000000e+01  6.77396832e+01 
 2.10000000e+01  5.09047325e-01  2.10000000e+01  5.08967500e-01  2.10000000e+01  6.77396832e+01 
 2.20000000e+01  5.09028656e-01  2.20000000e+01  5.08967500e-01  2.20000000e+01  6.77396832e+01 
 2.30000000e+01  5.09009140e-01  2.30000000e+01  5.08967500e-01  2.30000000e+01  6.77396832e+01 
 2.40000000e+01  5.08988755e-01  2.40000000e+01  5.08967500e-01  2.40000000e+01  6.77396832e+01 
 2.50000000e+01  5.08967481e-01  2.50000000e+01  5.08967500e-01  2.50000000e+01  6.77396832e+01 
 2.60000000e+01  5.08945297e-01  2.60000000e+01  5.08967500e-01  2.60000000e+01  6.77396832e+01 
 2.70000000e+01  5.08922181e-01  2.70000000e+01  5.08967500e-01  2.70000000e+01  6.77396832e+01 
 2.80000000e+01  5.08898116e-01  2.80000000e+01  5.08967500e-01  2.80000000e+01  6.77396832e+01 
 2.90000000e+01  5.08873079e-01  2.90000000e+01  5.08967500e-01  2.90000000e+01  6.77396832e+01 
 3.00000000e+01  5.08847053e-01  3.00000000e+01  5.08967500e-01  3.00000000e+01  6.77396832e+01 
 3.10000000e+01  5.08820017e-01  3.10000000e+01  5.08967500e-01  3.10000000e+01  6.77396832e+01 
 3.20000000e+01  5.08791953e-01  3.20000000e+01  5.08967500e-01  3.20000000e+01  6.77396832e+01 
 3.30000000e+01  5.08762843e-01  3.30000000e+01  5.08967500e-01  3.30000000e+01  6.77396832e+01 
 3.40000000e+01  5.08732668e-01  3.40000000e+01  5.08967500e-01  3.40000000e+01  6.77396832e+01 
 3.50000000e+01  5.08701409e-01  3.50000000e+01  5.08967500e-01  3.50000000e+01  6.77396832e+01 
 3.60000000e+01  5.08669050e-01  3.60000000e+01  5.08967500e-01  3.60000000e+01  6.77396832e+01 
 3.70000000e+01  5.08635573e-01  3.70000000e+01  5.08967500e-01  3.70000000e+01  6.77396832e+01 
 3.80000000e+01  5.08600960e-01  3.80000000e+01  5.08967500e-01  3.80000000e+01  6.77396832e+01 
 3.90000000e+01  5.08565196e-01  3.90000000e+01  5.08967500e-01  3.90000000e+01  6.77396832e+01 
 4.00000000e+01  5.08528262e-01  4.00000000e+01  5.08967500e-01  4.00000000e+01  6.77396832e+01 
 4.10000000e+01  5.08490144e-01  4.10000000e+01  5.08967500e-01  4.10000000e+01  6.77396832e+01 
 4.20000000e+01  5.08450825e-01  4.20000000e+01  5.08967500e-01  4.20000000e+01  6.77396832e+01 
 4.30000000e+01  5.08410289e-01  4.30000000e+01  5.08967500e-01  4.30000000e+01  6.77396832e+01 
 4.40000000e+01  5.08368522e-01  4.40000000e+01  5.08967500e-01  4.40000000e+01  6.77396832e+01 
 4.50000000e+01  5.08325508e-01  4.50000000e+01  5.08967500e-01  4.50000000e+01  6.77396832e+01 
 4.60000000e+01  5.08281231e-01  4.60000000e+01  5.08967500e-01  4.60000000e+01  6.77396832e+01 
 4.70000000e+01  5.08235679e-01  4.70000000e+01  5.08967500e-01  4.70000000e+01  6.77396832e+01 
 4.80000000e+01  5.08188836e-01  4.80000000e+01  5.08967500e-01  4.80000000e+01  6.77396832e+01 
 4.90000000e+01  5.08140688e-01  4.90000000e+01  5.08967500e-01  4.90000000e+01  6.77396832e+01 
 5.00000000e+01  5.08091222e-01  5.00000000e+01  5.08967500e-01  5.00000000e+01  6.77396832e+01 
 5.10000000e+01  5.08040426e-01  5.10000000e+01  5.08967500e-01  5.10000000e+01  6.77396832e+01 
 5.20000000e+01  5.07988284e-01  5.20000000e+01  5.08967500e-01  5.20000000e+01  6.77396832e+01 
 5.30000000e+01  5.07934786e-01  5.30000000e+01  5.08967500e-01  5.30000000e+01  6.77396832e+01 
 5.40000000e+01  5.07879919e-01  5.40000000e+01  5.08967500e-01  5.40000000e+01  6.77396832e+01 
 5.50000000e+01  5.07823670e-01  5.50000000e+01  5.08967500e-01  5.50000000e+01  6.77396832e+01 
 5.60000000e+01  5.07766028e-01  5.60000000e+01  5.08967500e-01  5.60000000e+01  6.77396832e+01 
 5.70000000e+01  5.07706982e-01  5.70000000e+01  5.08967500e-01  5.70000000e+01  6.77396832e+01 
 5.80000000e+01  5.07646520e-01  5.80000000e+01  5.08967500e-01  5.80000000e+01  6.77396832e+01 
 5.90000000e+01  5.07584632e-01  5.90000000e+01  5.08967500e-01  5.90000000e+01  6.77396832e+01 
 6.00000000e+01  5.07521308e-01  6.00000000e+01  5.08967500e-01  6.00000000e+01  6.77396832e+01 
 6.10000000e+01  5.07456538e-01  6.10000000e+01  5.08967500e-01  6.10000000e+01  6.77396832e+01 
 6.20000000e+01  5.07390311e-01  6.20000000e+01  5.08967500e-01  6.20000000e+01  6.77396832e+01 
 6.30000000e+01  5.07322621e-01  6.30000000e+01  5.08967500e-01  6.30000000e+01  6.77396832e+01 
 6.40000000e+01  5.07253456e-01  6.40000000e+01  5.08967500e-01  6.40000000e+01  6.77396832e+01 
 6.50000000e+01  5.07182810e-01  6.50000000e+01  5.08967500e-01  6.50000000e+01  6.77396832e+01 
 6.60000000e+01  5.07110674e-01  6.60000000e+01  5.08967500e-01  6.60000000e+01  6.77396832e+01 
 6.70000000e+01  5.07037041e-01  6.70000000e+01  5.08967500e-01  6.70000000e+01  6.77396832e+01 
 6.80000000e+01  5.06961904e-01  6.80000000e+01  5.08967500e-01  6.80000000e+01  6.77396832e+01 
 6.90000000e+01  5.06885257e-01  6.90000000e+01  5.08967500e-01  6.90000000e+01  6.77396832e+01 
 7.00000000e+01  5.06807095e-01  7.00000000e+01  5.08967500e-01  7.00000000e+01  6.77396832e+01 
 7.10000000e+01  5.06727410e-01  7.10000000e+01  5.08967500e-01  7.10000000e+01  6.77396832e+01 
 7.20000000e+01  5.06646200e-01  7.20000000e+01  5.08967500e-01  7.20000000e+01  6.77396832e+01 
 7.30000000e+01  5.06563460e-01  7.30000000e+01  5.08967500e-01  7.30000000e+01  6.77396832e+01 
 7.40000000e+01  5.06479186e-01  7.40000000e+01  5.08967500e-01  7.40000000e+01  6.77396832e+01 
 7.50000000e+01  5.06393375e-01  7.50000000e+01  5.08967500e-01  7.50000000e+01  6.77396832e+01 
 7.60000000e+01  5.06306025e-01  7.60000000e+01  5.08967500e-01  7.60000000e+01  6.77396832e+01 
 7.70000000e+01  5.06217135e-01  7.70000000e+01  5.08967500e-01  7.70000000e+01  6.77396832e+01 
 7.80000000e+01  5.06126705e-01  7.80000000e+01  5.08967500e-01  7.80000000e+01  6.77396832e+01 
 7.90000000e+01  5.06034733e-01  7.90000000e+01  5.08967500e-01  7.90000000e+01  6.77396832e+01 
 8.00000000e+01  5.05941220e-01  8.00000000e+01  5.08967500e-01  8.00000000e+01  6.77396832e+01 
