-2.00000000e+01  7.87851206e-08 -2.00000000e+01  6.64862200e-08 
-1.90000000e+01  7.85304231e-08 -1.90000000e+01  6.64862200e-08 
-1.80000000e+01  7.82482862e-08 -1.80000000e+01  6.64862200e-08 
-1.70000000e+01  7.79794115e-08 -1.70000000e+01  6.64862200e-08 
-1.60000000e+01  7.77104375e-08 -1.60000000e+01  6.64862200e-08 
-1.50000000e+01  7.74413112e-08 -1.50000000e+01  6.64862200e-08 
-1.40000000e+01  7.71719961e-08 -1.40000000e+01  6.64862200e-08 
-1.30000000e+01  7.69024893e-08 -1.30000000e+01  6.64862200e-08 
-1.20000000e+01  7.66327900e-08 -1.20000000e+01  6.64862200e-08 
-1.10000000e+01  7.63628907e-08 -1.10000000e+01  6.64862200e-08 
-1.00000000e+01  7.60927910e-08 -1.00000000e+01  6.64862200e-08 
-9.00000000e+00  7.58224892e-08 -9.00000000e+00  6.64862200e-08 
-8.00000000e+00  7.55519749e-08 -8.00000000e+00  6.64862200e-08 
-7.00000000e+00  7.52812546e-08 -7.00000000e+00  6.64862200e-08 
-6.00000000e+00  7.50103159e-08 -6.00000000e+00  6.64862200e-08 
-5.00000000e+00  7.47391626e-08 -5.00000000e+00  6.64862200e-08 
-4.00000000e+00  7.44677870e-08 -4.00000000e+00  6.64862200e-08 
-3.00000000e+00  7.41961884e-08 -3.00000000e+00  6.64862200e-08 
-2.00000000e+00  7.39243615e-08 -2.00000000e+00  6.64862200e-08 
-1.00000000e+00  7.36523034e-08 -1.00000000e+00  6.64862200e-08 
 0.00000000e+00  7.33800076e-08  0.00000000e+00  6.64862200e-08 
 1.00000000e+00  7.31074737e-08  1.00000000e+00  6.64862200e-08 
 2.00000000e+00  7.28347008e-08  2.00000000e+00  6.64862200e-08 
 3.00000000e+00  7.25616804e-08  3.00000000e+00  6.64862200e-08 
 4.00000000e+00  7.22884114e-08  4.00000000e+00  6.64862200e-08 
 5.00000000e+00  7.20148895e-08  5.00000000e+00  6.64862200e-08 
 6.00000000e+00  7.17411113e-08  6.00000000e+00  6.64862200e-08 
 7.00000000e+00  7.14670725e-08  7.00000000e+00  6.64862200e-08 
 8.00000000e+00  7.11927699e-08  8.00000000e+00  6.64862200e-08 
 9.00000000e+00  7.09182002e-08  9.00000000e+00  6.64862200e-08 
 1.00000000e+01  7.06433624e-08  1.00000000e+01  6.64862200e-08 
 1.10000000e+01  7.03682510e-08  1.10000000e+01  6.64862200e-08 
 1.20000000e+01  7.00928633e-08  1.20000000e+01  6.64862200e-08 
 1.30000000e+01  6.98171942e-08  1.30000000e+01  6.64862200e-08 
 1.40000000e+01  6.95412445e-08  1.40000000e+01  6.64862200e-08 
 1.50000000e+01  6.92650066e-08  1.50000000e+01  6.64862200e-08 
 1.60000000e+01  6.89884763e-08  1.60000000e+01  6.64862200e-08 
 1.70000000e+01  6.87116569e-08  1.70000000e+01  6.64862200e-08 
 1.80000000e+01  6.84345416e-08  1.80000000e+01  6.64862200e-08 
 1.90000000e+01  6.81571295e-08  1.90000000e+01  6.64862200e-08 
 2.00000000e+01  6.78794116e-08  2.00000000e+01  6.64862200e-08 
 2.10000000e+01  6.76013944e-08  2.10000000e+01  6.64862200e-08 
 2.20000000e+01  6.73230713e-08  2.20000000e+01  6.64862200e-08 
 2.30000000e+01  6.70444341e-08  2.30000000e+01  6.64862200e-08 
 2.40000000e+01  6.67654882e-08  2.40000000e+01  6.64862200e-08 
 2.50000000e+01  6.64862241e-08  2.50000000e+01  6.64862200e-08 
 2.60000000e+01  6.62066497e-08  2.60000000e+01  6.64862200e-08 
 2.70000000e+01  6.59267503e-08  2.70000000e+01  6.64862200e-08 
 2.80000000e+01  6.56465316e-08  2.80000000e+01  6.64862200e-08 
 2.90000000e+01  6.53659903e-08  2.90000000e+01  6.64862200e-08 
 3.00000000e+01  6.50851234e-08  3.00000000e+01  6.64862200e-08 
 3.10000000e+01  6.48039318e-08  3.10000000e+01  6.64862200e-08 
 3.20000000e+01  6.45224059e-08  3.20000000e+01  6.64862200e-08 
 3.30000000e+01  6.42405512e-08  3.30000000e+01  6.64862200e-08 
 3.40000000e+01  6.39583652e-08  3.40000000e+01  6.64862200e-08 
 3.50000000e+01  6.36758421e-08  3.50000000e+01  6.64862200e-08 
 3.60000000e+01  6.33929843e-08  3.60000000e+01  6.64862200e-08 
 3.70000000e+01  6.31097906e-08  3.70000000e+01  6.64862200e-08 
 3.80000000e+01  6.28262574e-08  3.80000000e+01  6.64862200e-08 
 3.90000000e+01  6.25423873e-08  3.90000000e+01  6.64862200e-08 
 4.00000000e+01  6.22581758e-08  4.00000000e+01  6.64862200e-08 
 4.10000000e+01  6.19736170e-08  4.10000000e+01  6.64862200e-08 
 4.20000000e+01  6.16887239e-08  4.20000000e+01  6.64862200e-08 
 4.30000000e+01  6.14034827e-08  4.30000000e+01  6.64862200e-08 
 4.40000000e+01  6.11178970e-08  4.40000000e+01  6.64862200e-08 
 4.50000000e+01  6.08319662e-08  4.50000000e+01  6.64862200e-08 
 4.60000000e+01  6.05456948e-08  4.60000000e+01  6.64862200e-08 
 4.70000000e+01  6.02590726e-08  4.70000000e+01  6.64862200e-08 
 4.80000000e+01  5.99721055e-08  4.80000000e+01  6.64862200e-08 
 4.90000000e+01  5.96847930e-08  4.90000000e+01  6.64862200e-08 
 5.00000000e+01  5.93971347e-08  5.00000000e+01  6.64862200e-08 
 5.10000000e+01  5.91091307e-08  5.10000000e+01  6.64862200e-08 
 5.20000000e+01  5.88207782e-08  5.20000000e+01  6.64862200e-08 
 5.30000000e+01  5.85320794e-08  5.30000000e+01  6.64862200e-08 
 5.40000000e+01  5.82430392e-08  5.40000000e+01  6.64862200e-08 
 5.50000000e+01  5.79536526e-08  5.50000000e+01  6.64862200e-08 
 5.60000000e+01  5.76639224e-08  5.60000000e+01  6.64862200e-08 
 5.70000000e+01  5.73738454e-08  5.70000000e+01  6.64862200e-08 
 5.80000000e+01  5.70834263e-08  5.80000000e+01  6.64862200e-08 
 5.90000000e+01  5.67926679e-08  5.90000000e+01  6.64862200e-08 
 6.00000000e+01  5.65015674e-08  6.00000000e+01  6.64862200e-08 
 6.10000000e+01  5.62101299e-08  6.10000000e+01  6.64862200e-08 
 6.20000000e+01  5.59183489e-08  6.20000000e+01  6.64862200e-08 
 6.30000000e+01  5.56262390e-08  6.30000000e+01  6.64862200e-08 
 6.40000000e+01  5.53337923e-08  6.40000000e+01  6.64862200e-08 
 6.50000000e+01  5.50410145e-08  6.50000000e+01  6.64862200e-08 
 6.60000000e+01  5.47479053e-08  6.60000000e+01  6.64862200e-08 
 6.70000000e+01  5.44544650e-08  6.70000000e+01  6.64862200e-08 
 6.80000000e+01  5.41607038e-08  6.80000000e+01  6.64862200e-08 
 6.90000000e+01  5.38666173e-08  6.90000000e+01  6.64862200e-08 
 7.00000000e+01  5.35722085e-08  7.00000000e+01  6.64862200e-08 
 7.10000000e+01  5.32774879e-08  7.10000000e+01  6.64862200e-08 
 7.20000000e+01  5.29824516e-08  7.20000000e+01  6.64862200e-08 
 7.30000000e+01  5.26871036e-08  7.30000000e+01  6.64862200e-08 
 7.40000000e+01  5.23914474e-08  7.40000000e+01  6.64862200e-08 
 7.50000000e+01  5.20954942e-08  7.50000000e+01  6.64862200e-08 
 7.60000000e+01  5.17992428e-08  7.60000000e+01  6.64862200e-08 
 7.70000000e+01  5.15026957e-08  7.70000000e+01  6.64862200e-08 
 7.80000000e+01  5.12058595e-08  7.80000000e+01  6.64862200e-08 
 7.90000000e+01  5.09087414e-08  7.90000000e+01  6.64862200e-08 
 8.00000000e+01  5.06113446e-08  8.00000000e+01  6.64862200e-08 
