 8.00000000e-01  7.99844117e-01  8.00000000e-01  3.57645006e-01  8.00000000e-01  3.55484353e-01 
 8.05000000e-01  8.04849802e-01  8.05000000e-01  3.60061329e-01  8.05000000e-01  3.57914726e-01 
 8.10000000e-01  8.09855013e-01  8.10000000e-01  3.62473073e-01  8.10000000e-01  3.60340886e-01 
 8.15000000e-01  8.14859788e-01  8.15000000e-01  3.64880491e-01  8.15000000e-01  3.62763062e-01 
 8.20000000e-01  8.19864166e-01  8.20000000e-01  3.67283823e-01  8.20000000e-01  3.65181476e-01 
 8.25000000e-01  8.24868177e-01  8.25000000e-01  3.69683297e-01  8.25000000e-01  3.67596335e-01 
 8.30000000e-01  8.29871851e-01  8.30000000e-01  3.72079133e-01  8.30000000e-01  3.70007838e-01 
 8.35000000e-01  8.34875215e-01  8.35000000e-01  3.74471536e-01  8.35000000e-01  3.72416174e-01 
 8.40000000e-01  8.39878290e-01  8.40000000e-01  3.76860706e-01  8.40000000e-01  3.74821522e-01 
 8.45000000e-01  8.44881099e-01  8.45000000e-01  3.79246831e-01  8.45000000e-01  3.77224052e-01 
 8.50000000e-01  8.49883660e-01  8.50000000e-01  3.81630088e-01  8.50000000e-01  3.79623925e-01 
 8.55000000e-01  8.54885989e-01  8.55000000e-01  3.84010648e-01  8.55000000e-01  3.82021297e-01 
 8.60000000e-01  8.59888103e-01  8.60000000e-01  3.86388674e-01  8.60000000e-01  3.84416311e-01 
 8.65000000e-01  8.64890014e-01  8.65000000e-01  3.88764320e-01  8.65000000e-01  3.86809108e-01 
 8.70000000e-01  8.69891734e-01  8.70000000e-01  3.91137731e-01  8.70000000e-01  3.89199819e-01 
 8.75000000e-01  8.74893275e-01  8.75000000e-01  3.93509047e-01  8.75000000e-01  3.91588567e-01 
 8.80000000e-01  8.79894646e-01  8.80000000e-01  3.95878401e-01  8.80000000e-01  3.93975472e-01 
 8.85000000e-01  8.84895856e-01  8.85000000e-01  3.98245917e-01  8.85000000e-01  3.96360647e-01 
 8.90000000e-01  8.89896913e-01  8.90000000e-01  4.00611716e-01  8.90000000e-01  3.98744196e-01 
 8.95000000e-01  8.94897823e-01  8.95000000e-01  4.02975911e-01  8.95000000e-01  4.01126223e-01 
 9.00000000e-01  8.99898594e-01  9.00000000e-01  4.05338610e-01  9.00000000e-01  4.03506821e-01 
 9.05000000e-01  9.04899232e-01  9.05000000e-01  4.07699915e-01  9.05000000e-01  4.05886083e-01 
 9.10000000e-01  9.09899740e-01  9.10000000e-01  4.10059923e-01  9.10000000e-01  4.08264094e-01 
 9.15000000e-01  9.14900125e-01  9.15000000e-01  4.12418727e-01  9.15000000e-01  4.10640936e-01 
 9.20000000e-01  9.19900390e-01  9.20000000e-01  4.14776413e-01  9.20000000e-01  4.13016686e-01 
 9.25000000e-01  9.24900539e-01  9.25000000e-01  4.17133066e-01  9.25000000e-01  4.15391417e-01 
 9.30000000e-01  9.29900576e-01  9.30000000e-01  4.19488764e-01  9.30000000e-01  4.17765200e-01 
 9.35000000e-01  9.34900504e-01  9.35000000e-01  4.21843583e-01  9.35000000e-01  4.20138098e-01 
 9.40000000e-01  9.39900326e-01  9.40000000e-01  4.24197592e-01  9.40000000e-01  4.22510175e-01 
 9.45000000e-01  9.44900044e-01  9.45000000e-01  4.26550860e-01  9.45000000e-01  4.24881490e-01 
 9.50000000e-01  9.49899660e-01  9.50000000e-01  4.28903449e-01  9.50000000e-01  4.27252097e-01 
 9.55000000e-01  9.54899176e-01  9.55000000e-01  4.31255422e-01  9.55000000e-01  4.29622049e-01 
 9.60000000e-01  9.59898593e-01  9.60000000e-01  4.33606834e-01  9.60000000e-01  4.31991397e-01 
 9.65000000e-01  9.64897911e-01  9.65000000e-01  4.35957740e-01  9.65000000e-01  4.34360186e-01 
 9.70000000e-01  9.69897132e-01  9.70000000e-01  4.38308192e-01  9.70000000e-01  4.36728462e-01 
 9.75000000e-01  9.74896256e-01  9.75000000e-01  4.40658238e-01  9.75000000e-01  4.39096265e-01 
 9.80000000e-01  9.79895283e-01  9.80000000e-01  4.43007924e-01  9.80000000e-01  4.41463637e-01 
 9.85000000e-01  9.84894213e-01  9.85000000e-01  4.45357295e-01  9.85000000e-01  4.43830615e-01 
 9.90000000e-01  9.89893046e-01  9.90000000e-01  4.47706393e-01  9.90000000e-01  4.46197233e-01 
 9.95000000e-01  9.94891781e-01  9.95000000e-01  4.50055255e-01  9.95000000e-01  4.48563526e-01 
 1.00000000e+00  9.99890419e-01  1.00000000e+00  4.52403921e-01  1.00000000e+00  4.50929526e-01 
 1.00500000e+00  1.00488896e+00  1.00500000e+00  4.54752426e-01  1.00500000e+00  4.53295263e-01 
 1.01000000e+00  1.00988740e+00  1.01000000e+00  4.57100804e-01  1.01000000e+00  4.55660766e-01 
 1.01500000e+00  1.01488574e+00  1.01500000e+00  4.59449086e-01  1.01500000e+00  4.58026062e-01 
 1.02000000e+00  1.01988397e+00  1.02000000e+00  4.61797304e-01  1.02000000e+00  4.60391178e-01 
 1.02500000e+00  1.02488211e+00  1.02500000e+00  4.64145487e-01  1.02500000e+00  4.62756137e-01 
 1.03000000e+00  1.02988014e+00  1.03000000e+00  4.66493663e-01  1.03000000e+00  4.65120963e-01 
 1.03500000e+00  1.03487806e+00  1.03500000e+00  4.68841858e-01  1.03500000e+00  4.67485680e-01 
 1.04000000e+00  1.03987588e+00  1.04000000e+00  4.71190098e-01  1.04000000e+00  4.69850308e-01 
 1.04500000e+00  1.04487359e+00  1.04500000e+00  4.73538406e-01  1.04500000e+00  4.72214868e-01 
 1.05000000e+00  1.04987119e+00  1.05000000e+00  4.75886806e-01  1.05000000e+00  4.74579380e-01 
 1.05500000e+00  1.05486868e+00  1.05500000e+00  4.78235320e-01  1.05500000e+00  4.76943863e-01 
 1.06000000e+00  1.05986605e+00  1.06000000e+00  4.80583970e-01  1.06000000e+00  4.79308335e-01 
 1.06500000e+00  1.06486331e+00  1.06500000e+00  4.82932775e-01  1.06500000e+00  4.81672813e-01 
 1.07000000e+00  1.06986045e+00  1.07000000e+00  4.85281756e-01  1.07000000e+00  4.84037314e-01 
 1.07500000e+00  1.07485746e+00  1.07500000e+00  4.87630930e-01  1.07500000e+00  4.86401854e-01 
 1.08000000e+00  1.07985436e+00  1.08000000e+00  4.89980316e-01  1.08000000e+00  4.88766451e-01 
 1.08500000e+00  1.08485112e+00  1.08500000e+00  4.92329930e-01  1.08500000e+00  4.91131117e-01 
 1.09000000e+00  1.08984776e+00  1.09000000e+00  4.94679791e-01  1.09000000e+00  4.93495869e-01 
 1.09500000e+00  1.09484427e+00  1.09500000e+00  4.97029913e-01  1.09500000e+00  4.95860721e-01 
 1.10000000e+00  1.09984065e+00  1.10000000e+00  4.99380312e-01  1.10000000e+00  4.98225686e-01 
 1.10500000e+00  1.10483688e+00  1.10500000e+00  5.01731003e-01  1.10500000e+00  5.00590778e-01 
 1.11000000e+00  1.10983298e+00  1.11000000e+00  5.04082001e-01  1.11000000e+00  5.02956010e-01 
 1.11500000e+00  1.11482894e+00  1.11500000e+00  5.06433317e-01  1.11500000e+00  5.05321396e-01 
 1.12000000e+00  1.11982475e+00  1.12000000e+00  5.08784967e-01  1.12000000e+00  5.07686947e-01 
 1.12500000e+00  1.12482041e+00  1.12500000e+00  5.11136963e-01  1.12500000e+00  5.10052675e-01 
 1.13000000e+00  1.12981592e+00  1.13000000e+00  5.13489316e-01  1.13000000e+00  5.12418593e-01 
 1.13500000e+00  1.13481127e+00  1.13500000e+00  5.15842038e-01  1.13500000e+00  5.14784711e-01 
 1.14000000e+00  1.13980647e+00  1.14000000e+00  5.18195142e-01  1.14000000e+00  5.17151041e-01 
 1.14500000e+00  1.14480150e+00  1.14500000e+00  5.20548636e-01  1.14500000e+00  5.19517593e-01 
 1.15000000e+00  1.14979637e+00  1.15000000e+00  5.22902532e-01  1.15000000e+00  5.21884378e-01 
 1.15500000e+00  1.15479106e+00  1.15500000e+00  5.25256839e-01  1.15500000e+00  5.24251406e-01 
 1.16000000e+00  1.15978558e+00  1.16000000e+00  5.27611567e-01  1.16000000e+00  5.26618686e-01 
 1.16500000e+00  1.16477993e+00  1.16500000e+00  5.29966723e-01  1.16500000e+00  5.28986228e-01 
 1.17000000e+00  1.16977409e+00  1.17000000e+00  5.32322316e-01  1.17000000e+00  5.31354040e-01 
 1.17500000e+00  1.17476807e+00  1.17500000e+00  5.34678355e-01  1.17500000e+00  5.33722132e-01 
 1.18000000e+00  1.17976185e+00  1.18000000e+00  5.37034845e-01  1.18000000e+00  5.36090510e-01 
 1.18500000e+00  1.18475544e+00  1.18500000e+00  5.39391793e-01  1.18500000e+00  5.38459183e-01 
 1.19000000e+00  1.18974883e+00  1.19000000e+00  5.41749206e-01  1.19000000e+00  5.40828157e-01 
 1.19500000e+00  1.19474202e+00  1.19500000e+00  5.44107089e-01  1.19500000e+00  5.43197439e-01 
 1.20000000e+00  1.19973499e+00  1.20000000e+00  5.46465446e-01  1.20000000e+00  5.45567036e-01 
 1.20500000e+00  1.20472774e+00  1.20500000e+00  5.48824282e-01  1.20500000e+00  5.47936952e-01 
 1.21000000e+00  1.20972028e+00  1.21000000e+00  5.51183600e-01  1.21000000e+00  5.50307193e-01 
 1.21500000e+00  1.21471258e+00  1.21500000e+00  5.53543403e-01  1.21500000e+00  5.52677762e-01 
 1.22000000e+00  1.21970464e+00  1.22000000e+00  5.55903692e-01  1.22000000e+00  5.55048663e-01 
 1.22500000e+00  1.22469645e+00  1.22500000e+00  5.58264469e-01  1.22500000e+00  5.57419899e-01 
 1.23000000e+00  1.22968801e+00  1.23000000e+00  5.60625734e-01  1.23000000e+00  5.59791471e-01 
 1.23500000e+00  1.23467929e+00  1.23500000e+00  5.62987484e-01  1.23500000e+00  5.62163380e-01 
 1.24000000e+00  1.23967029e+00  1.24000000e+00  5.65349718e-01  1.24000000e+00  5.64535624e-01 
 1.24500000e+00  1.24466100e+00  1.24500000e+00  5.67712431e-01  1.24500000e+00  5.66908200e-01 
 1.25000000e+00  1.24965138e+00  1.25000000e+00  5.70075616e-01  1.25000000e+00  5.69281104e-01 
 1.25500000e+00  1.25464141e+00  1.25500000e+00  5.72439262e-01  1.25500000e+00  5.71654327e-01 
 1.26000000e+00  1.25963106e+00  1.26000000e+00  5.74803356e-01  1.26000000e+00  5.74027855e-01 
 1.26500000e+00  1.26462028e+00  1.26500000e+00  5.77167874e-01  1.26500000e+00  5.76401669e-01 
 1.27000000e+00  1.26960899e+00  1.27000000e+00  5.79532782e-01  1.27000000e+00  5.78775736e-01 
 1.27500000e+00  1.27459706e+00  1.27500000e+00  5.81898024e-01  1.27500000e+00  5.81150001e-01 
 1.28000000e+00  1.27958429e+00  1.28000000e+00  5.84263495e-01  1.28000000e+00  5.83524360e-01 
 1.28500000e+00  1.28457016e+00  1.28500000e+00  5.86628955e-01  1.28500000e+00  5.85898575e-01 
 1.29000000e+00  1.28955291e+00  1.29000000e+00  5.88993570e-01  1.29000000e+00  5.88271810e-01 
 1.29500000e+00  1.27637180e+00  1.29500000e+00  5.82739719e-01  1.29500000e+00  5.81994873e-01 
 1.30000000e+00  1.28047710e+00  1.30000000e+00  5.84687027e-01  1.30000000e+00  5.83949469e-01 
 1.30500000e+00  1.28453481e+00  1.30500000e+00  5.86612184e-01  1.30500000e+00  5.85881742e-01 
 1.31000000e+00  1.28854123e+00  1.31000000e+00  5.88513418e-01  1.31000000e+00  5.87789919e-01 
 1.31500000e+00  1.29249233e+00  1.31500000e+00  5.90388797e-01  1.31500000e+00  5.89672063e-01 
 1.32000000e+00  1.29638353e+00  1.32000000e+00  5.92236136e-01  1.32000000e+00  5.91525987e-01 
 1.32500000e+00  1.30020972e+00  1.32500000e+00  5.94052983e-01  1.32500000e+00  5.93349235e-01 
 1.33000000e+00  1.30396511e+00  1.33000000e+00  5.95836576e-01  1.33000000e+00  5.95139041e-01 
 1.33500000e+00  1.30764321e+00  1.33500000e+00  5.97583805e-01  1.33500000e+00  5.96892287e-01 
 1.34000000e+00  1.31123669e+00  1.34000000e+00  5.99291166e-01  1.34000000e+00  5.98605463e-01 
 1.34500000e+00  1.31473730e+00  1.34500000e+00  6.00954717e-01  1.34500000e+00  6.00274619e-01 
 1.35000000e+00  1.31813580e+00  1.35000000e+00  6.02570037e-01  1.35000000e+00  6.01895325e-01 
 1.35500000e+00  1.32142189e+00  1.35500000e+00  6.04132204e-01  1.35500000e+00  6.03462648e-01 
 1.36000000e+00  1.32458420e+00  1.36000000e+00  6.05635783e-01  1.36000000e+00  6.04971141e-01 
 1.36500000e+00  1.32761037e+00  1.36500000e+00  6.07074868e-01  1.36500000e+00  6.06414885e-01 
 1.37000000e+00  1.33048726e+00  1.37000000e+00  6.08443175e-01  1.37000000e+00  6.07787583e-01 
 1.37500000e+00  1.33320133e+00  1.37500000e+00  6.09734229e-01  1.37500000e+00  6.09082744e-01 
 1.38000000e+00  1.33573925e+00  1.38000000e+00  6.10941659e-01  1.38000000e+00  6.10293985e-01 
 1.38500000e+00  1.33808883e+00  1.38500000e+00  6.12059620e-01  1.38500000e+00  6.11415449e-01 
 1.39000000e+00  1.34024006e+00  1.39000000e+00  6.13083329e-01  1.39000000e+00  6.12442343e-01 
 1.39500000e+00  1.34218642e+00  1.39500000e+00  6.14009643e-01  1.39500000e+00  6.13371521e-01 
 1.40000000e+00  1.34392594e+00  1.40000000e+00  6.14837596e-01  1.40000000e+00  6.14202020e-01 
 1.40500000e+00  1.34546191e+00  1.40500000e+00  6.15568731e-01  1.40500000e+00  6.14935392e-01 
 1.41000000e+00  1.34680299e+00  1.41000000e+00  6.16207140e-01  1.41000000e+00  6.15575745e-01 
 1.41500000e+00  1.34796248e+00  1.41500000e+00  6.16759141e-01  1.41500000e+00  6.16129421e-01 
 1.42000000e+00  1.34895713e+00  1.42000000e+00  6.17232693e-01  1.42000000e+00  6.16604406e-01 
 1.42500000e+00  1.34980559e+00  1.42500000e+00  6.17636663e-01  1.42500000e+00  6.17009594e-01 
 1.43000000e+00  1.35052692e+00  1.43000000e+00  6.17980117e-01  1.43000000e+00  6.17354081e-01 
 1.43500000e+00  1.35113941e+00  1.43500000e+00  6.18271761e-01  1.43500000e+00  6.17646601e-01 
 1.44000000e+00  1.35165982e+00  1.44000000e+00  6.18519565e-01  1.44000000e+00  6.17895148e-01 
 1.44500000e+00  1.35210294e+00  1.44500000e+00  6.18730568e-01  1.44500000e+00  6.18106783e-01 
 1.45000000e+00  1.35248149e+00  1.45000000e+00  6.18910831e-01  1.45000000e+00  6.18287584e-01 
 1.45500000e+00  1.35280622e+00  1.45500000e+00  6.19065472e-01  1.45500000e+00  6.18442687e-01 
 1.46000000e+00  1.35308612e+00  1.46000000e+00  6.19198763e-01  1.46000000e+00  6.18576376e-01 
 1.46500000e+00  1.35332861e+00  1.46500000e+00  6.19314238e-01  1.46500000e+00  6.18692195e-01 
 1.47000000e+00  1.35353980e+00  1.47000000e+00  6.19414809e-01  1.47000000e+00  6.18793066e-01 
 1.47500000e+00  1.35372471e+00  1.47500000e+00  6.19502869e-01  1.47500000e+00  6.18881388e-01 
 1.48000000e+00  1.35388748e+00  1.48000000e+00  6.19580385e-01  1.48000000e+00  6.18959135e-01 
 1.48500000e+00  1.35403151e+00  1.48500000e+00  6.19648978e-01  1.48500000e+00  6.19027931e-01 
 1.49000000e+00  1.35415961e+00  1.49000000e+00  6.19709982e-01  1.49000000e+00  6.19089117e-01 
 1.49500000e+00  1.35427410e+00  1.49500000e+00  6.19764505e-01  1.49500000e+00  6.19143802e-01 
 1.50000000e+00  1.35437690e+00  1.50000000e+00  6.19813466e-01  1.50000000e+00  6.19192908e-01 
 1.50500000e+00  1.35446964e+00  1.50500000e+00  6.19857631e-01  1.50500000e+00  6.19237204e-01 
 1.51000000e+00  1.35455365e+00  1.51000000e+00  6.19897641e-01  1.51000000e+00  6.19277334e-01 
 1.51500000e+00  1.35463007e+00  1.51500000e+00  6.19934038e-01  1.51500000e+00  6.19313838e-01 
 1.52000000e+00  1.35469987e+00  1.52000000e+00  6.19967277e-01  1.52000000e+00  6.19347176e-01 
 1.52500000e+00  1.35476384e+00  1.52500000e+00  6.19997745e-01  1.52500000e+00  6.19377734e-01 
 1.53000000e+00  1.35482269e+00  1.53000000e+00  6.20025772e-01  1.53000000e+00  6.19405844e-01 
 1.53500000e+00  1.35487701e+00  1.53500000e+00  6.20051640e-01  1.53500000e+00  6.19431789e-01 
 1.54000000e+00  1.35492730e+00  1.54000000e+00  6.20075592e-01  1.54000000e+00  6.19455812e-01 
 1.54500000e+00  1.35497400e+00  1.54500000e+00  6.20097836e-01  1.54500000e+00  6.19478122e-01 
 1.55000000e+00  1.35501750e+00  1.55000000e+00  6.20118553e-01  1.55000000e+00  6.19498901e-01 
 1.55500000e+00  1.35505813e+00  1.55500000e+00  6.20137902e-01  1.55500000e+00  6.19518307e-01 
 1.56000000e+00  1.35509617e+00  1.56000000e+00  6.20156018e-01  1.56000000e+00  6.19536476e-01 
 1.56500000e+00  1.35513187e+00  1.56500000e+00  6.20173022e-01  1.56500000e+00  6.19553531e-01 
 1.57000000e+00  1.35516546e+00  1.57000000e+00  6.20189019e-01  1.57000000e+00  6.19569575e-01 
 1.57500000e+00  1.35519713e+00  1.57500000e+00  6.20204101e-01  1.57500000e+00  6.19584703e-01 
 1.58000000e+00  1.35522705e+00  1.58000000e+00  6.20218352e-01  1.58000000e+00  6.19598996e-01 
 1.58500000e+00  1.35525538e+00  1.58500000e+00  6.20231844e-01  1.58500000e+00  6.19612527e-01 
 1.59000000e+00  1.35528225e+00  1.59000000e+00  6.20244640e-01  1.59000000e+00  6.19625362e-01 
 1.59500000e+00  1.35530778e+00  1.59500000e+00  6.20256800e-01  1.59500000e+00  6.19637557e-01 
 1.60000000e+00  1.35533208e+00  1.60000000e+00  6.20268373e-01  1.60000000e+00  6.19649165e-01 
 1.60500000e+00  1.35535525e+00  1.60500000e+00  6.20279407e-01  1.60500000e+00  6.19660231e-01 
 1.61000000e+00  1.35537737e+00  1.61000000e+00  6.20289943e-01  1.61000000e+00  6.19670798e-01 
 1.61500000e+00  1.35539852e+00  1.61500000e+00  6.20300017e-01  1.61500000e+00  6.19680903e-01 
 1.62000000e+00  1.35541878e+00  1.62000000e+00  6.20309665e-01  1.62000000e+00  6.19690579e-01 
 1.62500000e+00  1.35543820e+00  1.62500000e+00  6.20318915e-01  1.62500000e+00  6.19699857e-01 
 1.63000000e+00  1.35545685e+00  1.63000000e+00  6.20327796e-01  1.63000000e+00  6.19708764e-01 
 1.63500000e+00  1.35547477e+00  1.63500000e+00  6.20336333e-01  1.63500000e+00  6.19717326e-01 
 1.64000000e+00  1.35549202e+00  1.64000000e+00  6.20344549e-01  1.64000000e+00  6.19725566e-01 
 1.64500000e+00  1.35550864e+00  1.64500000e+00  6.20352463e-01  1.64500000e+00  6.19733504e-01 
 1.65000000e+00  1.35552467e+00  1.65000000e+00  6.20360097e-01  1.65000000e+00  6.19741160e-01 
 1.65500000e+00  1.35554014e+00  1.65500000e+00  6.20367466e-01  1.65500000e+00  6.19748551e-01 
 1.66000000e+00  1.35555509e+00  1.66000000e+00  6.20374587e-01  1.66000000e+00  6.19755693e-01 
 1.66500000e+00  1.35556955e+00  1.66500000e+00  6.20381474e-01  1.66500000e+00  6.19762600e-01 
 1.67000000e+00  1.35558355e+00  1.67000000e+00  6.20388141e-01  1.67000000e+00  6.19769287e-01 
 1.67500000e+00  1.35559711e+00  1.67500000e+00  6.20394601e-01  1.67500000e+00  6.19775766e-01 
 1.68000000e+00  1.35561026e+00  1.68000000e+00  6.20400864e-01  1.68000000e+00  6.19782048e-01 
 1.68500000e+00  1.35562302e+00  1.68500000e+00  6.20406942e-01  1.68500000e+00  6.19788144e-01 
 1.69000000e+00  1.35563542e+00  1.69000000e+00  6.20412845e-01  1.69000000e+00  6.19794064e-01 
 1.69500000e+00  1.35564746e+00  1.69500000e+00  6.20418581e-01  1.69500000e+00  6.19799817e-01 
 1.70000000e+00  1.35565917e+00  1.70000000e+00  6.20424159e-01  1.70000000e+00  6.19805411e-01 
 1.70500000e+00  1.35567057e+00  1.70500000e+00  6.20429586e-01  1.70500000e+00  6.19810855e-01 
 1.71000000e+00  1.35568166e+00  1.71000000e+00  6.20434871e-01  1.71000000e+00  6.19816155e-01 
 1.71500000e+00  1.35569247e+00  1.71500000e+00  6.20440020e-01  1.71500000e+00  6.19821319e-01 
 1.72000000e+00  1.35570301e+00  1.72000000e+00  6.20445039e-01  1.72000000e+00  6.19826353e-01 
 1.72500000e+00  1.35571329e+00  1.72500000e+00  6.20449934e-01  1.72500000e+00  6.19831263e-01 
 1.73000000e+00  1.35572332e+00  1.73000000e+00  6.20454712e-01  1.73000000e+00  6.19836055e-01 
 1.73500000e+00  1.35573312e+00  1.73500000e+00  6.20459376e-01  1.73500000e+00  6.19840733e-01 
 1.74000000e+00  1.35574268e+00  1.74000000e+00  6.20463933e-01  1.74000000e+00  6.19845304e-01 
 1.74500000e+00  1.35575203e+00  1.74500000e+00  6.20468387e-01  1.74500000e+00  6.19849770e-01 
 1.75000000e+00  1.35576118e+00  1.75000000e+00  6.20472741e-01  1.75000000e+00  6.19854137e-01 
 1.75500000e+00  1.35577012e+00  1.75500000e+00  6.20477000e-01  1.75500000e+00  6.19858409e-01 
 1.76000000e+00  1.35577887e+00  1.76000000e+00  6.20481169e-01  1.76000000e+00  6.19862590e-01 
 1.76500000e+00  1.35578744e+00  1.76500000e+00  6.20485250e-01  1.76500000e+00  6.19866683e-01 
 1.77000000e+00  1.35579583e+00  1.77000000e+00  6.20489246e-01  1.77000000e+00  6.19870692e-01 
 1.77500000e+00  1.35580405e+00  1.77500000e+00  6.20493162e-01  1.77500000e+00  6.19874619e-01 
 1.78000000e+00  1.35581211e+00  1.78000000e+00  6.20497001e-01  1.78000000e+00  6.19878469e-01 
 1.78500000e+00  1.35582001e+00  1.78500000e+00  6.20500764e-01  1.78500000e+00  6.19882243e-01 
 1.79000000e+00  1.35582777e+00  1.79000000e+00  6.20504455e-01  1.79000000e+00  6.19885946e-01 
 1.79500000e+00  1.35583537e+00  1.79500000e+00  6.20508077e-01  1.79500000e+00  6.19889578e-01 
 1.80000000e+00  1.35584283e+00  1.80000000e+00  6.20511632e-01  1.80000000e+00  6.19893143e-01 
 1.80500000e+00  1.35585016e+00  1.80500000e+00  6.20515121e-01  1.80500000e+00  6.19896643e-01 
 1.81000000e+00  1.35585736e+00  1.81000000e+00  6.20518549e-01  1.81000000e+00  6.19900081e-01 
 1.81500000e+00  1.35586442e+00  1.81500000e+00  6.20521915e-01  1.81500000e+00  6.19903457e-01 
 1.82000000e+00  1.35587137e+00  1.82000000e+00  6.20525224e-01  1.82000000e+00  6.19906776e-01 
 1.82500000e+00  1.35587820e+00  1.82500000e+00  6.20528476e-01  1.82500000e+00  6.19910037e-01 
 1.83000000e+00  1.35588491e+00  1.83000000e+00  6.20531673e-01  1.83000000e+00  6.19913244e-01 
 1.83500000e+00  1.35589151e+00  1.83500000e+00  6.20534817e-01  1.83500000e+00  6.19916397e-01 
 1.84000000e+00  1.35589801e+00  1.84000000e+00  6.20537910e-01  1.84000000e+00  6.19919500e-01 
 1.84500000e+00  1.35590440e+00  1.84500000e+00  6.20540954e-01  1.84500000e+00  6.19922552e-01 
 1.85000000e+00  1.35591069e+00  1.85000000e+00  6.20543949e-01  1.85000000e+00  6.19925556e-01 
 1.85500000e+00  1.35591688e+00  1.85500000e+00  6.20546897e-01  1.85500000e+00  6.19928513e-01 
 1.86000000e+00  1.35592297e+00  1.86000000e+00  6.20549801e-01  1.86000000e+00  6.19931425e-01 
 1.86500000e+00  1.35592898e+00  1.86500000e+00  6.20552660e-01  1.86500000e+00  6.19934293e-01 
 1.87000000e+00  1.35593489e+00  1.87000000e+00  6.20555476e-01  1.87000000e+00  6.19937117e-01 
 1.87500000e+00  1.35594072e+00  1.87500000e+00  6.20558251e-01  1.87500000e+00  6.19939901e-01 
 1.88000000e+00  1.35594646e+00  1.88000000e+00  6.20560986e-01  1.88000000e+00  6.19942643e-01 
 1.88500000e+00  1.35595212e+00  1.88500000e+00  6.20563682e-01  1.88500000e+00  6.19945347e-01 
 1.89000000e+00  1.35595770e+00  1.89000000e+00  6.20566339e-01  1.89000000e+00  6.19948012e-01 
 1.89500000e+00  1.35596320e+00  1.89500000e+00  6.20568959e-01  1.89500000e+00  6.19950641e-01 
 1.90000000e+00  1.35596862e+00  1.90000000e+00  6.20571544e-01  1.90000000e+00  6.19953233e-01 
 1.90500000e+00  1.35597398e+00  1.90500000e+00  6.20574093e-01  1.90500000e+00  6.19955790e-01 
 1.91000000e+00  1.35597926e+00  1.91000000e+00  6.20576609e-01  1.91000000e+00  6.19958312e-01 
 1.91500000e+00  1.35598447e+00  1.91500000e+00  6.20579091e-01  1.91500000e+00  6.19960802e-01 
 1.92000000e+00  1.35598961e+00  1.92000000e+00  6.20581540e-01  1.92000000e+00  6.19963259e-01 
 1.92500000e+00  1.35599469e+00  1.92500000e+00  6.20583959e-01  1.92500000e+00  6.19965684e-01 
 1.93000000e+00  1.35599970e+00  1.93000000e+00  6.20586346e-01  1.93000000e+00  6.19968079e-01 
 1.93500000e+00  1.35600465e+00  1.93500000e+00  6.20588704e-01  1.93500000e+00  6.19970443e-01 
 1.94000000e+00  1.35600954e+00  1.94000000e+00  6.20591032e-01  1.94000000e+00  6.19972779e-01 
 1.94500000e+00  1.35601437e+00  1.94500000e+00  6.20593332e-01  1.94500000e+00  6.19975086e-01 
 1.95000000e+00  1.35601914e+00  1.95000000e+00  6.20595605e-01  1.95000000e+00  6.19977365e-01 
 1.95500000e+00  1.35602386e+00  1.95500000e+00  6.20597850e-01  1.95500000e+00  6.19979617e-01 
 1.96000000e+00  1.35602852e+00  1.96000000e+00  6.20600069e-01  1.96000000e+00  6.19981842e-01 
 1.96500000e+00  1.35603312e+00  1.96500000e+00  6.20602263e-01  1.96500000e+00  6.19984042e-01 
 1.97000000e+00  1.35603767e+00  1.97000000e+00  6.20604431e-01  1.97000000e+00  6.19986217e-01 
 1.97500000e+00  1.35604218e+00  1.97500000e+00  6.20606575e-01  1.97500000e+00  6.19988367e-01 
 1.98000000e+00  1.35604663e+00  1.98000000e+00  6.20608695e-01  1.98000000e+00  6.19990493e-01 
 1.98500000e+00  1.35605103e+00  1.98500000e+00  6.20610792e-01  1.98500000e+00  6.19992596e-01 
 1.99000000e+00  1.35605538e+00  1.99000000e+00  6.20612866e-01  1.99000000e+00  6.19994676e-01 
 1.99500000e+00  1.35605969e+00  1.99500000e+00  6.20614917e-01  1.99500000e+00  6.19996734e-01 
 2.00000000e+00  1.35606395e+00  2.00000000e+00  6.20616948e-01  2.00000000e+00  6.19998771e-01 
