-2.00000000e+01  2.33793900e-07 -2.00000000e+01  2.33793900e-01 
-1.97500000e+01  2.33793900e-07 -1.97500000e+01  2.33793900e-01 
-1.95000000e+01  2.33793900e-07 -1.95000000e+01  2.33793900e-01 
-1.92500000e+01  2.33793900e-07 -1.92500000e+01  2.33793900e-01 
-1.90000000e+01  2.33793900e-07 -1.90000000e+01  2.33793900e-01 
-1.87500000e+01  2.33793900e-07 -1.87500000e+01  2.33793900e-01 
-1.85000000e+01  2.33793900e-07 -1.85000000e+01  2.33793900e-01 
-1.82500000e+01  2.33793900e-07 -1.82500000e+01  2.33793900e-01 
-1.80000000e+01  2.33793900e-07 -1.80000000e+01  2.33793900e-01 
-1.77500000e+01  2.33793900e-07 -1.77500000e+01  2.33793900e-01 
-1.75000000e+01  2.33793900e-07 -1.75000000e+01  2.33793900e-01 
-1.72500000e+01  2.33793900e-07 -1.72500000e+01  2.33793900e-01 
-1.70000000e+01  2.33793900e-07 -1.70000000e+01  2.33793900e-01 
-1.67500000e+01  2.33793900e-07 -1.67500000e+01  2.33793900e-01 
-1.65000000e+01  2.33793900e-07 -1.65000000e+01  2.33793900e-01 
-1.62500000e+01  2.33793900e-07 -1.62500000e+01  2.33793900e-01 
-1.60000000e+01  2.33793900e-07 -1.60000000e+01  2.33793900e-01 
-1.57500000e+01  2.33793900e-07 -1.57500000e+01  2.33793900e-01 
-1.55000000e+01  2.33793900e-07 -1.55000000e+01  2.33793900e-01 
-1.52500000e+01  2.33793900e-07 -1.52500000e+01  2.33793900e-01 
-1.50000000e+01  2.33793900e-07 -1.50000000e+01  2.33793900e-01 
-1.47500000e+01  2.33793900e-07 -1.47500000e+01  2.33793900e-01 
-1.45000000e+01  2.33793900e-07 -1.45000000e+01  2.33793900e-01 
-1.42500000e+01  2.33793900e-07 -1.42500000e+01  2.33793900e-01 
-1.40000000e+01  2.33793900e-07 -1.40000000e+01  2.33793900e-01 
-1.37500000e+01  2.33793900e-07 -1.37500000e+01  2.33793900e-01 
-1.35000000e+01  2.33793900e-07 -1.35000000e+01  2.33793900e-01 
-1.32500000e+01  2.33793900e-07 -1.32500000e+01  2.33793900e-01 
-1.30000000e+01  2.33793900e-07 -1.30000000e+01  2.33793900e-01 
-1.27500000e+01  2.33793900e-07 -1.27500000e+01  2.33793900e-01 
-1.25000000e+01  2.33793900e-07 -1.25000000e+01  2.33793900e-01 
-1.22500000e+01  2.33793900e-07 -1.22500000e+01  2.33793900e-01 
-1.20000000e+01  2.33793900e-07 -1.20000000e+01  2.33793900e-01 
-1.17500000e+01  2.33793900e-07 -1.17500000e+01  2.33793900e-01 
-1.15000000e+01  2.33793900e-07 -1.15000000e+01  2.33793900e-01 
-1.12500000e+01  2.33793900e-07 -1.12500000e+01  2.33793900e-01 
-1.10000000e+01  2.33793900e-07 -1.10000000e+01  2.33793900e-01 
-1.07500000e+01  2.33793900e-07 -1.07500000e+01  2.33793900e-01 
-1.05000000e+01  2.33793900e-07 -1.05000000e+01  2.33793900e-01 
-1.02500000e+01  2.33793900e-07 -1.02500000e+01  2.33793900e-01 
-1.00000000e+01  2.33793900e-07 -1.00000000e+01  2.33793900e-01 
-9.75000000e+00  2.33793900e-07 -9.75000000e+00  2.33793900e-01 
-9.50000000e+00  2.33793900e-07 -9.50000000e+00  2.33793900e-01 
-9.25000000e+00  2.33793900e-07 -9.25000000e+00  2.33793900e-01 
-9.00000000e+00  2.33793900e-07 -9.00000000e+00  2.33793900e-01 
-8.75000000e+00  2.33793900e-07 -8.75000000e+00  2.33793900e-01 
-8.50000000e+00  2.33793900e-07 -8.50000000e+00  2.33793900e-01 
-8.25000000e+00  2.33793900e-07 -8.25000000e+00  2.33793900e-01 
-8.00000000e+00  2.33793900e-07 -8.00000000e+00  2.33793900e-01 
-7.75000000e+00  2.33793900e-07 -7.75000000e+00  2.33793900e-01 
-7.50000000e+00  2.33793900e-07 -7.50000000e+00  2.33793900e-01 
-7.25000000e+00  2.33793900e-07 -7.25000000e+00  2.33793900e-01 
-7.00000000e+00  2.33793900e-07 -7.00000000e+00  2.33793900e-01 
-6.75000000e+00  2.33793900e-07 -6.75000000e+00  2.33793900e-01 
-6.50000000e+00  2.33793900e-07 -6.50000000e+00  2.33793900e-01 
-6.25000000e+00  2.33793900e-07 -6.25000000e+00  2.33793900e-01 
-6.00000000e+00  2.33793900e-07 -6.00000000e+00  2.33793900e-01 
-5.75000000e+00  2.33793900e-07 -5.75000000e+00  2.33793900e-01 
-5.50000000e+00  2.33793900e-07 -5.50000000e+00  2.33793900e-01 
-5.25000000e+00  2.33793900e-07 -5.25000000e+00  2.33793900e-01 
-5.00000000e+00  2.33793900e-07 -5.00000000e+00  2.33793900e-01 
-4.75000000e+00  2.33793900e-07 -4.75000000e+00  2.33793900e-01 
-4.50000000e+00  2.33793900e-07 -4.50000000e+00  2.33793900e-01 
-4.25000000e+00  2.33793900e-07 -4.25000000e+00  2.33793900e-01 
-4.00000000e+00  2.33793900e-07 -4.00000000e+00  2.33793900e-01 
-3.75000000e+00  2.33793900e-07 -3.75000000e+00  2.33793900e-01 
-3.50000000e+00  2.33793900e-07 -3.50000000e+00  2.33793900e-01 
-3.25000000e+00  2.33793900e-07 -3.25000000e+00  2.33793900e-01 
-3.00000000e+00  2.33793900e-07 -3.00000000e+00  2.33793900e-01 
-2.75000000e+00  2.33793900e-07 -2.75000000e+00  2.33793900e-01 
-2.50000000e+00  2.33793900e-07 -2.50000000e+00  2.33793900e-01 
-2.25000000e+00  2.33793900e-07 -2.25000000e+00  2.33793900e-01 
-2.00000000e+00  2.33793900e-07 -2.00000000e+00  2.33793900e-01 
-1.75000000e+00  2.33793900e-07 -1.75000000e+00  2.33793900e-01 
-1.50000000e+00  2.33793900e-07 -1.50000000e+00  2.33793900e-01 
-1.25000000e+00  2.33793900e-07 -1.25000000e+00  2.33793900e-01 
-1.00000000e+00  2.33793900e-07 -1.00000000e+00  2.33793900e-01 
-7.50000000e-01  2.33793900e-07 -7.50000000e-01  2.33793900e-01 
-5.00000000e-01  2.33793900e-07 -5.00000000e-01  2.33793900e-01 
-2.50000000e-01  2.33793900e-07 -2.50000000e-01  2.33793900e-01 
 0.00000000e+00  2.33793900e-07  0.00000000e+00  2.33793900e-01 
 2.50000000e-01  2.33793900e-07  2.50000000e-01  2.33793900e-01 
 5.00000000e-01  2.33793900e-07  5.00000000e-01  2.33793900e-01 
 7.50000000e-01  2.33793900e-07  7.50000000e-01  2.33793900e-01 
 1.00000000e+00  2.33793900e-07  1.00000000e+00  2.33793900e-01 
 1.25000000e+00  2.33793900e-07  1.25000000e+00  2.33793900e-01 
 1.50000000e+00  2.33793900e-07  1.50000000e+00  2.33793900e-01 
 1.75000000e+00  2.33793900e-07  1.75000000e+00  2.33793900e-01 
 2.00000000e+00  2.33793900e-07  2.00000000e+00  2.33793900e-01 
 2.25000000e+00  2.33793900e-07  2.25000000e+00  2.33793900e-01 
 2.50000000e+00  2.33793900e-07  2.50000000e+00  2.33793900e-01 
 2.75000000e+00  2.33793900e-07  2.75000000e+00  2.33793900e-01 
 3.00000000e+00  2.33793900e-07  3.00000000e+00  2.33793900e-01 
 3.25000000e+00  2.33793900e-07  3.25000000e+00  2.33793900e-01 
 3.50000000e+00  2.33793900e-07  3.50000000e+00  2.33793900e-01 
 3.75000000e+00  2.33793900e-07  3.75000000e+00  2.33793900e-01 
 4.00000000e+00  2.33793900e-07  4.00000000e+00  2.33793900e-01 
 4.25000000e+00  2.33793900e-07  4.25000000e+00  2.33793900e-01 
 4.50000000e+00  2.33793900e-07  4.50000000e+00  2.33793900e-01 
 4.75000000e+00  2.33793900e-07  4.75000000e+00  2.33793900e-01 
 5.00000000e+00  2.33793900e-07  5.00000000e+00  2.33793900e-01 
 5.25000000e+00  2.33793900e-07  5.25000000e+00  2.33793900e-01 
 5.50000000e+00  2.33793900e-07  5.50000000e+00  2.33793900e-01 
 5.75000000e+00  2.33793900e-07  5.75000000e+00  2.33793900e-01 
 6.00000000e+00  2.33793900e-07  6.00000000e+00  2.33793900e-01 
 6.25000000e+00  2.33793900e-07  6.25000000e+00  2.33793900e-01 
 6.50000000e+00  2.33793900e-07  6.50000000e+00  2.33793900e-01 
 6.75000000e+00  2.33793900e-07  6.75000000e+00  2.33793900e-01 
 7.00000000e+00  2.33793900e-07  7.00000000e+00  2.33793900e-01 
 7.25000000e+00  2.33793900e-07  7.25000000e+00  2.33793900e-01 
 7.50000000e+00  2.33793900e-07  7.50000000e+00  2.33793900e-01 
 7.75000000e+00  2.33793900e-07  7.75000000e+00  2.33793900e-01 
 8.00000000e+00  2.33793900e-07  8.00000000e+00  2.33793900e-01 
 8.25000000e+00  2.33793900e-07  8.25000000e+00  2.33793900e-01 
 8.50000000e+00  2.33793900e-07  8.50000000e+00  2.33793900e-01 
 8.75000000e+00  2.33793900e-07  8.75000000e+00  2.33793900e-01 
 9.00000000e+00  2.33793900e-07  9.00000000e+00  2.33793900e-01 
 9.25000000e+00  2.33793900e-07  9.25000000e+00  2.33793900e-01 
 9.50000000e+00  2.33793900e-07  9.50000000e+00  2.33793900e-01 
 9.75000000e+00  2.33793900e-07  9.75000000e+00  2.33793900e-01 
 1.00000000e+01  2.33793900e-07  1.00000000e+01  2.33793900e-01 
 1.02500000e+01  2.33793900e-07  1.02500000e+01  2.33793900e-01 
 1.05000000e+01  2.33793900e-07  1.05000000e+01  2.33793900e-01 
 1.07500000e+01  2.33793900e-07  1.07500000e+01  2.33793900e-01 
 1.10000000e+01  2.33793900e-07  1.10000000e+01  2.33793900e-01 
 1.12500000e+01  2.33793900e-07  1.12500000e+01  2.33793900e-01 
 1.15000000e+01  2.33793900e-07  1.15000000e+01  2.33793900e-01 
 1.17500000e+01  2.33793900e-07  1.17500000e+01  2.33793900e-01 
 1.20000000e+01  2.33793900e-07  1.20000000e+01  2.33793900e-01 
 1.22500000e+01  2.33793900e-07  1.22500000e+01  2.33793900e-01 
 1.25000000e+01  2.33793900e-07  1.25000000e+01  2.33793900e-01 
 1.27500000e+01  2.33793900e-07  1.27500000e+01  2.33793900e-01 
 1.30000000e+01  2.33793900e-07  1.30000000e+01  2.33793900e-01 
 1.32500000e+01  2.33793900e-07  1.32500000e+01  2.33793900e-01 
 1.35000000e+01  2.33793900e-07  1.35000000e+01  2.33793900e-01 
 1.37500000e+01  2.33793900e-07  1.37500000e+01  2.33793900e-01 
 1.40000000e+01  2.33793900e-07  1.40000000e+01  2.33793900e-01 
 1.42500000e+01  2.33793900e-07  1.42500000e+01  2.33793900e-01 
 1.45000000e+01  2.33793900e-07  1.45000000e+01  2.33793900e-01 
 1.47500000e+01  2.33793900e-07  1.47500000e+01  2.33793900e-01 
 1.50000000e+01  2.33793900e-07  1.50000000e+01  2.33793900e-01 
 1.52500000e+01  2.33793900e-07  1.52500000e+01  2.33793900e-01 
 1.55000000e+01  2.33793900e-07  1.55000000e+01  2.33793900e-01 
 1.57500000e+01  2.33793900e-07  1.57500000e+01  2.33793900e-01 
 1.60000000e+01  2.33793900e-07  1.60000000e+01  2.33793900e-01 
 1.62500000e+01  2.33793900e-07  1.62500000e+01  2.33793900e-01 
 1.65000000e+01  2.33793900e-07  1.65000000e+01  2.33793900e-01 
 1.67500000e+01  2.33793900e-07  1.67500000e+01  2.33793900e-01 
 1.70000000e+01  2.33793900e-07  1.70000000e+01  2.33793900e-01 
 1.72500000e+01  2.33793900e-07  1.72500000e+01  2.33793900e-01 
 1.75000000e+01  2.33793900e-07  1.75000000e+01  2.33793900e-01 
 1.77500000e+01  2.33793900e-07  1.77500000e+01  2.33793900e-01 
 1.80000000e+01  2.33793900e-07  1.80000000e+01  2.33793900e-01 
 1.82500000e+01  2.33793900e-07  1.82500000e+01  2.33793900e-01 
 1.85000000e+01  2.33793900e-07  1.85000000e+01  2.33793900e-01 
 1.87500000e+01  2.33793900e-07  1.87500000e+01  2.33793900e-01 
 1.90000000e+01  2.33793900e-07  1.90000000e+01  2.33793900e-01 
 1.92500000e+01  2.33793900e-07  1.92500000e+01  2.33793900e-01 
 1.95000000e+01  2.33793900e-07  1.95000000e+01  2.33793900e-01 
 1.97500000e+01  2.33793900e-07  1.97500000e+01  2.33793900e-01 
 2.00000000e+01  2.33793900e-07  2.00000000e+01  2.33793900e-01 
 2.02500000e+01  2.33793900e-07  2.02500000e+01  2.33793900e-01 
 2.05000000e+01  2.33793900e-07  2.05000000e+01  2.33793900e-01 
 2.07500000e+01  2.33793900e-07  2.07500000e+01  2.33793900e-01 
 2.10000000e+01  2.33793900e-07  2.10000000e+01  2.33793900e-01 
 2.12500000e+01  2.33793900e-07  2.12500000e+01  2.33793900e-01 
 2.15000000e+01  2.33793900e-07  2.15000000e+01  2.33793900e-01 
 2.17500000e+01  2.33793900e-07  2.17500000e+01  2.33793900e-01 
 2.20000000e+01  2.33793900e-07  2.20000000e+01  2.33793900e-01 
 2.22500000e+01  2.33793900e-07  2.22500000e+01  2.33793900e-01 
 2.25000000e+01  2.33793900e-07  2.25000000e+01  2.33793900e-01 
 2.27500000e+01  2.33793900e-07  2.27500000e+01  2.33793900e-01 
 2.30000000e+01  2.33793900e-07  2.30000000e+01  2.33793900e-01 
 2.32500000e+01  2.33793900e-07  2.32500000e+01  2.33793900e-01 
 2.35000000e+01  2.33793900e-07  2.35000000e+01  2.33793900e-01 
 2.37500000e+01  2.33793900e-07  2.37500000e+01  2.33793900e-01 
 2.40000000e+01  2.33793900e-07  2.40000000e+01  2.33793900e-01 
 2.42500000e+01  2.33793900e-07  2.42500000e+01  2.33793900e-01 
 2.45000000e+01  2.33793900e-07  2.45000000e+01  2.33793900e-01 
 2.47500000e+01  2.33793900e-07  2.47500000e+01  2.33793900e-01 
 2.50000000e+01  2.33793900e-07  2.50000000e+01  2.33793900e-01 
 2.52500000e+01  2.33793900e-07  2.52500000e+01  2.33793900e-01 
 2.55000000e+01  2.33793900e-07  2.55000000e+01  2.33793900e-01 
 2.57500000e+01  2.33793900e-07  2.57500000e+01  2.33793900e-01 
 2.60000000e+01  2.33793900e-07  2.60000000e+01  2.33793900e-01 
 2.62500000e+01  2.33793900e-07  2.62500000e+01  2.33793900e-01 
 2.65000000e+01  2.33793900e-07  2.65000000e+01  2.33793900e-01 
 2.67500000e+01  2.33793900e-07  2.67500000e+01  2.33793900e-01 
 2.70000000e+01  2.33793900e-07  2.70000000e+01  2.33793900e-01 
 2.72500000e+01  2.33793900e-07  2.72500000e+01  2.33793900e-01 
 2.75000000e+01  2.33793900e-07  2.75000000e+01  2.33793900e-01 
 2.77500000e+01  2.33793900e-07  2.77500000e+01  2.33793900e-01 
 2.80000000e+01  2.33793900e-07  2.80000000e+01  2.33793900e-01 
 2.82500000e+01  2.33793900e-07  2.82500000e+01  2.33793900e-01 
 2.85000000e+01  2.33793900e-07  2.85000000e+01  2.33793900e-01 
 2.87500000e+01  2.33793900e-07  2.87500000e+01  2.33793900e-01 
 2.90000000e+01  2.33793900e-07  2.90000000e+01  2.33793900e-01 
 2.92500000e+01  2.33793900e-07  2.92500000e+01  2.33793900e-01 
 2.95000000e+01  2.33793900e-07  2.95000000e+01  2.33793900e-01 
 2.97500000e+01  2.33793900e-07  2.97500000e+01  2.33793900e-01 
 3.00000000e+01  2.33793900e-07  3.00000000e+01  2.33793900e-01 
 3.02500000e+01  2.33793900e-07  3.02500000e+01  2.33793900e-01 
 3.05000000e+01  2.33793900e-07  3.05000000e+01  2.33793900e-01 
 3.07500000e+01  2.33793900e-07  3.07500000e+01  2.33793900e-01 
 3.10000000e+01  2.33793900e-07  3.10000000e+01  2.33793900e-01 
 3.12500000e+01  2.33793900e-07  3.12500000e+01  2.33793900e-01 
 3.15000000e+01  2.33793900e-07  3.15000000e+01  2.33793900e-01 
 3.17500000e+01  2.33793900e-07  3.17500000e+01  2.33793900e-01 
 3.20000000e+01  2.33793900e-07  3.20000000e+01  2.33793900e-01 
 3.22500000e+01  2.33793900e-07  3.22500000e+01  2.33793900e-01 
 3.25000000e+01  2.33793900e-07  3.25000000e+01  2.33793900e-01 
 3.27500000e+01  2.33793900e-07  3.27500000e+01  2.33793900e-01 
 3.30000000e+01  2.33793900e-07  3.30000000e+01  2.33793900e-01 
 3.32500000e+01  2.33793900e-07  3.32500000e+01  2.33793900e-01 
 3.35000000e+01  2.33793900e-07  3.35000000e+01  2.33793900e-01 
 3.37500000e+01  2.33793900e-07  3.37500000e+01  2.33793900e-01 
 3.40000000e+01  2.33793900e-07  3.40000000e+01  2.33793900e-01 
 3.42500000e+01  2.33793900e-07  3.42500000e+01  2.33793900e-01 
 3.45000000e+01  2.33793900e-07  3.45000000e+01  2.33793900e-01 
 3.47500000e+01  2.33793900e-07  3.47500000e+01  2.33793900e-01 
 3.50000000e+01  2.33793900e-07  3.50000000e+01  2.33793900e-01 
 3.52500000e+01  2.33793900e-07  3.52500000e+01  2.33793900e-01 
 3.55000000e+01  2.33793900e-07  3.55000000e+01  2.33793900e-01 
 3.57500000e+01  2.33793900e-07  3.57500000e+01  2.33793900e-01 
 3.60000000e+01  2.33793900e-07  3.60000000e+01  2.33793900e-01 
 3.62500000e+01  2.33793900e-07  3.62500000e+01  2.33793900e-01 
 3.65000000e+01  2.33793900e-07  3.65000000e+01  2.33793900e-01 
 3.67500000e+01  2.33793900e-07  3.67500000e+01  2.33793900e-01 
 3.70000000e+01  2.33793900e-07  3.70000000e+01  2.33793900e-01 
 3.72500000e+01  2.33793900e-07  3.72500000e+01  2.33793900e-01 
 3.75000000e+01  2.33793900e-07  3.75000000e+01  2.33793900e-01 
 3.77500000e+01  2.33793900e-07  3.77500000e+01  2.33793900e-01 
 3.80000000e+01  2.33793900e-07  3.80000000e+01  2.33793900e-01 
 3.82500000e+01  2.33793900e-07  3.82500000e+01  2.33793900e-01 
 3.85000000e+01  2.33793900e-07  3.85000000e+01  2.33793900e-01 
 3.87500000e+01  2.33793900e-07  3.87500000e+01  2.33793900e-01 
 3.90000000e+01  2.33793900e-07  3.90000000e+01  2.33793900e-01 
 3.92500000e+01  2.33793900e-07  3.92500000e+01  2.33793900e-01 
 3.95000000e+01  2.33793900e-07  3.95000000e+01  2.33793900e-01 
 3.97500000e+01  2.33793900e-07  3.97500000e+01  2.33793900e-01 
 4.00000000e+01  2.33793900e-07  4.00000000e+01  2.33793900e-01 
 4.02500000e+01  2.33793900e-07  4.02500000e+01  2.33793900e-01 
 4.05000000e+01  2.33793900e-07  4.05000000e+01  2.33793900e-01 
 4.07500000e+01  2.33793900e-07  4.07500000e+01  2.33793900e-01 
 4.10000000e+01  2.33793900e-07  4.10000000e+01  2.33793900e-01 
 4.12500000e+01  2.33793900e-07  4.12500000e+01  2.33793900e-01 
 4.15000000e+01  2.33793900e-07  4.15000000e+01  2.33793900e-01 
 4.17500000e+01  2.33793900e-07  4.17500000e+01  2.33793900e-01 
 4.20000000e+01  2.33793900e-07  4.20000000e+01  2.33793900e-01 
 4.22500000e+01  2.33793900e-07  4.22500000e+01  2.33793900e-01 
 4.25000000e+01  2.33793900e-07  4.25000000e+01  2.33793900e-01 
 4.27500000e+01  2.33793900e-07  4.27500000e+01  2.33793900e-01 
 4.30000000e+01  2.33793900e-07  4.30000000e+01  2.33793900e-01 
 4.32500000e+01  2.33793900e-07  4.32500000e+01  2.33793900e-01 
 4.35000000e+01  2.33793900e-07  4.35000000e+01  2.33793900e-01 
 4.37500000e+01  2.33793900e-07  4.37500000e+01  2.33793900e-01 
 4.40000000e+01  2.33793900e-07  4.40000000e+01  2.33793900e-01 
 4.42500000e+01  2.33793900e-07  4.42500000e+01  2.33793900e-01 
 4.45000000e+01  2.33793900e-07  4.45000000e+01  2.33793900e-01 
 4.47500000e+01  2.33793900e-07  4.47500000e+01  2.33793900e-01 
 4.50000000e+01  2.33793900e-07  4.50000000e+01  2.33793900e-01 
 4.52500000e+01  2.33793900e-07  4.52500000e+01  2.33793900e-01 
 4.55000000e+01  2.33793900e-07  4.55000000e+01  2.33793900e-01 
 4.57500000e+01  2.33793900e-07  4.57500000e+01  2.33793900e-01 
 4.60000000e+01  2.33793900e-07  4.60000000e+01  2.33793900e-01 
 4.62500000e+01  2.33793900e-07  4.62500000e+01  2.33793900e-01 
 4.65000000e+01  2.33793900e-07  4.65000000e+01  2.33793900e-01 
 4.67500000e+01  2.33793900e-07  4.67500000e+01  2.33793900e-01 
 4.70000000e+01  2.33793900e-07  4.70000000e+01  2.33793900e-01 
 4.72500000e+01  2.33793900e-07  4.72500000e+01  2.33793900e-01 
 4.75000000e+01  2.33793900e-07  4.75000000e+01  2.33793900e-01 
 4.77500000e+01  2.33793900e-07  4.77500000e+01  2.33793900e-01 
 4.80000000e+01  2.33793900e-07  4.80000000e+01  2.33793900e-01 
 4.82500000e+01  2.33793900e-07  4.82500000e+01  2.33793900e-01 
 4.85000000e+01  2.33793900e-07  4.85000000e+01  2.33793900e-01 
 4.87500000e+01  2.33793900e-07  4.87500000e+01  2.33793900e-01 
 4.90000000e+01  2.33793900e-07  4.90000000e+01  2.33793900e-01 
 4.92500000e+01  2.33793900e-07  4.92500000e+01  2.33793900e-01 
 4.95000000e+01  2.33793900e-07  4.95000000e+01  2.33793900e-01 
 4.97500000e+01  2.33793900e-07  4.97500000e+01  2.33793900e-01 
 5.00000000e+01  2.33793900e-07  5.00000000e+01  2.33793900e-01 
 5.02500000e+01  2.33793900e-07  5.02500000e+01  2.33793900e-01 
 5.05000000e+01  2.33793900e-07  5.05000000e+01  2.33793900e-01 
 5.07500000e+01  2.33793900e-07  5.07500000e+01  2.33793900e-01 
 5.10000000e+01  2.33793900e-07  5.10000000e+01  2.33793900e-01 
 5.12500000e+01  2.33793900e-07  5.12500000e+01  2.33793900e-01 
 5.15000000e+01  2.33793900e-07  5.15000000e+01  2.33793900e-01 
 5.17500000e+01  2.33793900e-07  5.17500000e+01  2.33793900e-01 
 5.20000000e+01  2.33793900e-07  5.20000000e+01  2.33793900e-01 
 5.22500000e+01  2.33793900e-07  5.22500000e+01  2.33793900e-01 
 5.25000000e+01  2.33793900e-07  5.25000000e+01  2.33793900e-01 
 5.27500000e+01  2.33793900e-07  5.27500000e+01  2.33793900e-01 
 5.30000000e+01  2.33793900e-07  5.30000000e+01  2.33793900e-01 
 5.32500000e+01  2.33793900e-07  5.32500000e+01  2.33793900e-01 
 5.35000000e+01  2.33793900e-07  5.35000000e+01  2.33793900e-01 
 5.37500000e+01  2.33793900e-07  5.37500000e+01  2.33793900e-01 
 5.40000000e+01  2.33793900e-07  5.40000000e+01  2.33793900e-01 
 5.42500000e+01  2.33793900e-07  5.42500000e+01  2.33793900e-01 
 5.45000000e+01  2.33793900e-07  5.45000000e+01  2.33793900e-01 
 5.47500000e+01  2.33793900e-07  5.47500000e+01  2.33793900e-01 
 5.50000000e+01  2.33793900e-07  5.50000000e+01  2.33793900e-01 
 5.52500000e+01  2.33793900e-07  5.52500000e+01  2.33793900e-01 
 5.55000000e+01  2.33793900e-07  5.55000000e+01  2.33793900e-01 
 5.57500000e+01  2.33793900e-07  5.57500000e+01  2.33793900e-01 
 5.60000000e+01  2.33793900e-07  5.60000000e+01  2.33793900e-01 
 5.62500000e+01  2.33793900e-07  5.62500000e+01  2.33793900e-01 
 5.65000000e+01  2.33793900e-07  5.65000000e+01  2.33793900e-01 
 5.67500000e+01  2.33793900e-07  5.67500000e+01  2.33793900e-01 
 5.70000000e+01  2.33793900e-07  5.70000000e+01  2.33793900e-01 
 5.72500000e+01  2.33793900e-07  5.72500000e+01  2.33793900e-01 
 5.75000000e+01  2.33793900e-07  5.75000000e+01  2.33793900e-01 
 5.77500000e+01  2.33793900e-07  5.77500000e+01  2.33793900e-01 
 5.80000000e+01  2.33793900e-07  5.80000000e+01  2.33793900e-01 
 5.82500000e+01  2.33793900e-07  5.82500000e+01  2.33793900e-01 
 5.85000000e+01  2.33793900e-07  5.85000000e+01  2.33793900e-01 
 5.87500000e+01  2.33793900e-07  5.87500000e+01  2.33793900e-01 
 5.90000000e+01  2.33793900e-07  5.90000000e+01  2.33793900e-01 
 5.92500000e+01  2.33793900e-07  5.92500000e+01  2.33793900e-01 
 5.95000000e+01  2.33793900e-07  5.95000000e+01  2.33793900e-01 
 5.97500000e+01  2.33793900e-07  5.97500000e+01  2.33793900e-01 
 6.00000000e+01  2.33793900e-07  6.00000000e+01  2.33793900e-01 
 6.02500000e+01  2.33793900e-07  6.02500000e+01  2.33793900e-01 
 6.05000000e+01  2.33793900e-07  6.05000000e+01  2.33793900e-01 
 6.07500000e+01  2.33793900e-07  6.07500000e+01  2.33793900e-01 
 6.10000000e+01  2.33793900e-07  6.10000000e+01  2.33793900e-01 
 6.12500000e+01  2.33793900e-07  6.12500000e+01  2.33793900e-01 
 6.15000000e+01  2.33793900e-07  6.15000000e+01  2.33793900e-01 
 6.17500000e+01  2.33793900e-07  6.17500000e+01  2.33793900e-01 
 6.20000000e+01  2.33793900e-07  6.20000000e+01  2.33793900e-01 
 6.22500000e+01  2.33793900e-07  6.22500000e+01  2.33793900e-01 
 6.25000000e+01  2.33793900e-07  6.25000000e+01  2.33793900e-01 
 6.27500000e+01  2.33793900e-07  6.27500000e+01  2.33793900e-01 
 6.30000000e+01  2.33793900e-07  6.30000000e+01  2.33793900e-01 
 6.32500000e+01  2.33793900e-07  6.32500000e+01  2.33793900e-01 
 6.35000000e+01  2.33793900e-07  6.35000000e+01  2.33793900e-01 
 6.37500000e+01  2.33793900e-07  6.37500000e+01  2.33793900e-01 
 6.40000000e+01  2.33793900e-07  6.40000000e+01  2.33793900e-01 
 6.42500000e+01  2.33793900e-07  6.42500000e+01  2.33793900e-01 
 6.45000000e+01  2.33793900e-07  6.45000000e+01  2.33793900e-01 
 6.47500000e+01  2.33793900e-07  6.47500000e+01  2.33793900e-01 
 6.50000000e+01  2.33793900e-07  6.50000000e+01  2.33793900e-01 
 6.52500000e+01  2.33793900e-07  6.52500000e+01  2.33793900e-01 
 6.55000000e+01  2.33793900e-07  6.55000000e+01  2.33793900e-01 
 6.57500000e+01  2.33793900e-07  6.57500000e+01  2.33793900e-01 
 6.60000000e+01  2.33793900e-07  6.60000000e+01  2.33793900e-01 
 6.62500000e+01  2.33793900e-07  6.62500000e+01  2.33793900e-01 
 6.65000000e+01  2.33793900e-07  6.65000000e+01  2.33793900e-01 
 6.67500000e+01  2.33793900e-07  6.67500000e+01  2.33793900e-01 
 6.70000000e+01  2.33793900e-07  6.70000000e+01  2.33793900e-01 
 6.72500000e+01  2.33793900e-07  6.72500000e+01  2.33793900e-01 
 6.75000000e+01  2.33793900e-07  6.75000000e+01  2.33793900e-01 
 6.77500000e+01  2.33793900e-07  6.77500000e+01  2.33793900e-01 
 6.80000000e+01  2.33793900e-07  6.80000000e+01  2.33793900e-01 
 6.82500000e+01  2.33793900e-07  6.82500000e+01  2.33793900e-01 
 6.85000000e+01  2.33793900e-07  6.85000000e+01  2.33793900e-01 
 6.87500000e+01  2.33793900e-07  6.87500000e+01  2.33793900e-01 
 6.90000000e+01  2.33793900e-07  6.90000000e+01  2.33793900e-01 
 6.92500000e+01  2.33793900e-07  6.92500000e+01  2.33793900e-01 
 6.95000000e+01  2.33793900e-07  6.95000000e+01  2.33793900e-01 
 6.97500000e+01  2.33793900e-07  6.97500000e+01  2.33793900e-01 
 7.00000000e+01  2.33793900e-07  7.00000000e+01  2.33793900e-01 
 7.02500000e+01  2.33793900e-07  7.02500000e+01  2.33793900e-01 
 7.05000000e+01  2.33793900e-07  7.05000000e+01  2.33793900e-01 
 7.07500000e+01  2.33793900e-07  7.07500000e+01  2.33793900e-01 
 7.10000000e+01  2.33793900e-07  7.10000000e+01  2.33793900e-01 
 7.12500000e+01  2.33793900e-07  7.12500000e+01  2.33793900e-01 
 7.15000000e+01  2.33793900e-07  7.15000000e+01  2.33793900e-01 
 7.17500000e+01  2.33793900e-07  7.17500000e+01  2.33793900e-01 
 7.20000000e+01  2.33793900e-07  7.20000000e+01  2.33793900e-01 
 7.22500000e+01  2.33793900e-07  7.22500000e+01  2.33793900e-01 
 7.25000000e+01  2.33793900e-07  7.25000000e+01  2.33793900e-01 
 7.27500000e+01  2.33793900e-07  7.27500000e+01  2.33793900e-01 
 7.30000000e+01  2.33793900e-07  7.30000000e+01  2.33793900e-01 
 7.32500000e+01  2.33793900e-07  7.32500000e+01  2.33793900e-01 
 7.35000000e+01  2.33793900e-07  7.35000000e+01  2.33793900e-01 
 7.37500000e+01  2.33793900e-07  7.37500000e+01  2.33793900e-01 
 7.40000000e+01  2.33793900e-07  7.40000000e+01  2.33793900e-01 
 7.42500000e+01  2.33793900e-07  7.42500000e+01  2.33793900e-01 
 7.45000000e+01  2.33793900e-07  7.45000000e+01  2.33793900e-01 
 7.47500000e+01  2.33793900e-07  7.47500000e+01  2.33793900e-01 
 7.50000000e+01  2.33793900e-07  7.50000000e+01  2.33793900e-01 
 7.52500000e+01  2.33793900e-07  7.52500000e+01  2.33793900e-01 
 7.55000000e+01  2.33793900e-07  7.55000000e+01  2.33793900e-01 
 7.57500000e+01  2.33793900e-07  7.57500000e+01  2.33793900e-01 
 7.60000000e+01  2.33793900e-07  7.60000000e+01  2.33793900e-01 
 7.62500000e+01  2.33793900e-07  7.62500000e+01  2.33793900e-01 
 7.65000000e+01  2.33793900e-07  7.65000000e+01  2.33793900e-01 
 7.67500000e+01  2.33793900e-07  7.67500000e+01  2.33793900e-01 
 7.70000000e+01  2.33793900e-07  7.70000000e+01  2.33793900e-01 
 7.72500000e+01  2.33793900e-07  7.72500000e+01  2.33793900e-01 
 7.75000000e+01  2.33793900e-07  7.75000000e+01  2.33793900e-01 
 7.77500000e+01  2.33793900e-07  7.77500000e+01  2.33793900e-01 
 7.80000000e+01  2.33793900e-07  7.80000000e+01  2.33793900e-01 
 7.82500000e+01  2.33793900e-07  7.82500000e+01  2.33793900e-01 
 7.85000000e+01  2.33793900e-07  7.85000000e+01  2.33793900e-01 
 7.87500000e+01  2.33793900e-07  7.87500000e+01  2.33793900e-01 
 7.90000000e+01  2.33793900e-07  7.90000000e+01  2.33793900e-01 
 7.92500000e+01  2.33793900e-07  7.92500000e+01  2.33793900e-01 
 7.95000000e+01  2.33793900e-07  7.95000000e+01  2.33793900e-01 
 7.97500000e+01  2.33793900e-07  7.97500000e+01  2.33793900e-01 
 8.00000000e+01  2.33793900e-07  8.00000000e+01  2.33793900e-01 
