-2.00000000e+01  1.35522400e+00 -2.00000000e+01  2.57099171e-04 -2.00000000e+01  6.20169600e-01 -2.00000000e+01  3.04784229e-04 -2.00000000e+01  6.19541700e-01 -2.00000000e+01  3.13355345e-04 
-1.97500000e+01  1.35522400e+00 -1.97500000e+01  2.57099171e-04 -1.97500000e+01  6.20169600e-01 -1.97500000e+01  3.04784229e-04 -1.97500000e+01  6.19541700e-01 -1.97500000e+01  3.13355345e-04 
-1.95000000e+01  1.35522400e+00 -1.95000000e+01  2.57099171e-04 -1.95000000e+01  6.20169600e-01 -1.95000000e+01  3.04784229e-04 -1.95000000e+01  6.19541700e-01 -1.95000000e+01  3.13355345e-04 
-1.92500000e+01  1.35522400e+00 -1.92500000e+01  2.57099171e-04 -1.92500000e+01  6.20169600e-01 -1.92500000e+01  3.04784229e-04 -1.92500000e+01  6.19541700e-01 -1.92500000e+01  3.13355345e-04 
-1.90000000e+01  1.35522400e+00 -1.90000000e+01  2.57099171e-04 -1.90000000e+01  6.20169600e-01 -1.90000000e+01  3.04784229e-04 -1.90000000e+01  6.19541700e-01 -1.90000000e+01  3.13355345e-04 
-1.87500000e+01  1.35522400e+00 -1.87500000e+01  2.57099171e-04 -1.87500000e+01  6.20169600e-01 -1.87500000e+01  3.04784229e-04 -1.87500000e+01  6.19541700e-01 -1.87500000e+01  3.13355345e-04 
-1.85000000e+01  1.35522400e+00 -1.85000000e+01  2.57099171e-04 -1.85000000e+01  6.20169600e-01 -1.85000000e+01  3.04784229e-04 -1.85000000e+01  6.19541700e-01 -1.85000000e+01  3.13355345e-04 
-1.82500000e+01  1.35522400e+00 -1.82500000e+01  2.57099171e-04 -1.82500000e+01  6.20169600e-01 -1.82500000e+01  3.04784229e-04 -1.82500000e+01  6.19541700e-01 -1.82500000e+01  3.13355345e-04 
-1.80000000e+01  1.35522400e+00 -1.80000000e+01  2.57099171e-04 -1.80000000e+01  6.20169600e-01 -1.80000000e+01  3.04784229e-04 -1.80000000e+01  6.19541700e-01 -1.80000000e+01  3.13355345e-04 
-1.77500000e+01  1.35522400e+00 -1.77500000e+01  2.57099171e-04 -1.77500000e+01  6.20169600e-01 -1.77500000e+01  3.04784229e-04 -1.77500000e+01  6.19541700e-01 -1.77500000e+01  3.13355345e-04 
-1.75000000e+01  1.35522400e+00 -1.75000000e+01  2.57099171e-04 -1.75000000e+01  6.20169600e-01 -1.75000000e+01  3.04784229e-04 -1.75000000e+01  6.19541700e-01 -1.75000000e+01  3.13355345e-04 
-1.72500000e+01  1.35522400e+00 -1.72500000e+01  2.57099171e-04 -1.72500000e+01  6.20169600e-01 -1.72500000e+01  3.04784229e-04 -1.72500000e+01  6.19541700e-01 -1.72500000e+01  3.13355345e-04 
-1.70000000e+01  1.35522400e+00 -1.70000000e+01  2.57099171e-04 -1.70000000e+01  6.20169600e-01 -1.70000000e+01  3.04784229e-04 -1.70000000e+01  6.19541700e-01 -1.70000000e+01  3.13355345e-04 
-1.67500000e+01  1.35522400e+00 -1.67500000e+01  2.57099171e-04 -1.67500000e+01  6.20169600e-01 -1.67500000e+01  3.04784229e-04 -1.67500000e+01  6.19541700e-01 -1.67500000e+01  3.13355345e-04 
-1.65000000e+01  1.35522400e+00 -1.65000000e+01  2.57099171e-04 -1.65000000e+01  6.20169600e-01 -1.65000000e+01  3.04784229e-04 -1.65000000e+01  6.19541700e-01 -1.65000000e+01  3.13355345e-04 
-1.62500000e+01  1.35522400e+00 -1.62500000e+01  2.57099171e-04 -1.62500000e+01  6.20169600e-01 -1.62500000e+01  3.04784229e-04 -1.62500000e+01  6.19541700e-01 -1.62500000e+01  3.13355345e-04 
-1.60000000e+01  1.35522400e+00 -1.60000000e+01  2.57099171e-04 -1.60000000e+01  6.20169600e-01 -1.60000000e+01  3.04784229e-04 -1.60000000e+01  6.19541700e-01 -1.60000000e+01  3.13355345e-04 
-1.57500000e+01  1.35522400e+00 -1.57500000e+01  2.57099171e-04 -1.57500000e+01  6.20169600e-01 -1.57500000e+01  3.04784229e-04 -1.57500000e+01  6.19541700e-01 -1.57500000e+01  3.13355345e-04 
-1.55000000e+01  1.35522400e+00 -1.55000000e+01  2.57099171e-04 -1.55000000e+01  6.20169600e-01 -1.55000000e+01  3.04784229e-04 -1.55000000e+01  6.19541700e-01 -1.55000000e+01  3.13355345e-04 
-1.52500000e+01  1.35522400e+00 -1.52500000e+01  2.57099171e-04 -1.52500000e+01  6.20169600e-01 -1.52500000e+01  3.04784229e-04 -1.52500000e+01  6.19541700e-01 -1.52500000e+01  3.13355345e-04 
-1.50000000e+01  1.35522400e+00 -1.50000000e+01  2.57099171e-04 -1.50000000e+01  6.20169600e-01 -1.50000000e+01  3.04784229e-04 -1.50000000e+01  6.19541700e-01 -1.50000000e+01  3.13355345e-04 
-1.47500000e+01  1.35522400e+00 -1.47500000e+01  2.57099171e-04 -1.47500000e+01  6.20169600e-01 -1.47500000e+01  3.04784229e-04 -1.47500000e+01  6.19541700e-01 -1.47500000e+01  3.13355345e-04 
-1.45000000e+01  1.35522400e+00 -1.45000000e+01  2.57099171e-04 -1.45000000e+01  6.20169600e-01 -1.45000000e+01  3.04784229e-04 -1.45000000e+01  6.19541700e-01 -1.45000000e+01  3.13355345e-04 
-1.42500000e+01  1.35522400e+00 -1.42500000e+01  2.57099171e-04 -1.42500000e+01  6.20169600e-01 -1.42500000e+01  3.04784229e-04 -1.42500000e+01  6.19541700e-01 -1.42500000e+01  3.13355345e-04 
-1.40000000e+01  1.35522400e+00 -1.40000000e+01  2.57099171e-04 -1.40000000e+01  6.20169600e-01 -1.40000000e+01  3.04784229e-04 -1.40000000e+01  6.19541700e-01 -1.40000000e+01  3.13355345e-04 
-1.37500000e+01  1.35522400e+00 -1.37500000e+01  2.57099171e-04 -1.37500000e+01  6.20169600e-01 -1.37500000e+01  3.04784229e-04 -1.37500000e+01  6.19541700e-01 -1.37500000e+01  3.13355345e-04 
-1.35000000e+01  1.35522400e+00 -1.35000000e+01  2.57099171e-04 -1.35000000e+01  6.20169600e-01 -1.35000000e+01  3.04784229e-04 -1.35000000e+01  6.19541700e-01 -1.35000000e+01  3.13355345e-04 
-1.32500000e+01  1.35522400e+00 -1.32500000e+01  2.57099171e-04 -1.32500000e+01  6.20169600e-01 -1.32500000e+01  3.04784229e-04 -1.32500000e+01  6.19541700e-01 -1.32500000e+01  3.13355345e-04 
-1.30000000e+01  1.35522400e+00 -1.30000000e+01  2.57099171e-04 -1.30000000e+01  6.20169600e-01 -1.30000000e+01  3.04784229e-04 -1.30000000e+01  6.19541700e-01 -1.30000000e+01  3.13355345e-04 
-1.27500000e+01  1.35522400e+00 -1.27500000e+01  2.57099171e-04 -1.27500000e+01  6.20169600e-01 -1.27500000e+01  3.04784229e-04 -1.27500000e+01  6.19541700e-01 -1.27500000e+01  3.13355345e-04 
-1.25000000e+01  1.35522400e+00 -1.25000000e+01  2.57099171e-04 -1.25000000e+01  6.20169600e-01 -1.25000000e+01  3.04784229e-04 -1.25000000e+01  6.19541700e-01 -1.25000000e+01  3.13355345e-04 
-1.22500000e+01  1.35522400e+00 -1.22500000e+01  2.57099171e-04 -1.22500000e+01  6.20169600e-01 -1.22500000e+01  3.04784229e-04 -1.22500000e+01  6.19541700e-01 -1.22500000e+01  3.13355345e-04 
-1.20000000e+01  1.35522400e+00 -1.20000000e+01  2.57099171e-04 -1.20000000e+01  6.20169600e-01 -1.20000000e+01  3.04784229e-04 -1.20000000e+01  6.19541700e-01 -1.20000000e+01  3.13355345e-04 
-1.17500000e+01  1.35522400e+00 -1.17500000e+01  2.57099171e-04 -1.17500000e+01  6.20169600e-01 -1.17500000e+01  3.04784229e-04 -1.17500000e+01  6.19541700e-01 -1.17500000e+01  3.13355345e-04 
-1.15000000e+01  1.35522400e+00 -1.15000000e+01  2.57099171e-04 -1.15000000e+01  6.20169600e-01 -1.15000000e+01  3.04784229e-04 -1.15000000e+01  6.19541700e-01 -1.15000000e+01  3.13355345e-04 
-1.12500000e+01  1.35522400e+00 -1.12500000e+01  2.57099171e-04 -1.12500000e+01  6.20169600e-01 -1.12500000e+01  3.04784229e-04 -1.12500000e+01  6.19541700e-01 -1.12500000e+01  3.13355345e-04 
-1.10000000e+01  1.35522400e+00 -1.10000000e+01  2.57099171e-04 -1.10000000e+01  6.20169600e-01 -1.10000000e+01  3.04784229e-04 -1.10000000e+01  6.19541700e-01 -1.10000000e+01  3.13355345e-04 
-1.07500000e+01  1.35522400e+00 -1.07500000e+01  2.57099171e-04 -1.07500000e+01  6.20169600e-01 -1.07500000e+01  3.04784229e-04 -1.07500000e+01  6.19541700e-01 -1.07500000e+01  3.13355345e-04 
-1.05000000e+01  1.35522400e+00 -1.05000000e+01  2.57099171e-04 -1.05000000e+01  6.20169600e-01 -1.05000000e+01  3.04784229e-04 -1.05000000e+01  6.19541700e-01 -1.05000000e+01  3.13355345e-04 
-1.02500000e+01  1.35522400e+00 -1.02500000e+01  2.57099171e-04 -1.02500000e+01  6.20169600e-01 -1.02500000e+01  3.04784229e-04 -1.02500000e+01  6.19541700e-01 -1.02500000e+01  3.13355345e-04 
-1.00000000e+01  1.35522400e+00 -1.00000000e+01  2.57099171e-04 -1.00000000e+01  6.20169600e-01 -1.00000000e+01  3.04784229e-04 -1.00000000e+01  6.19541700e-01 -1.00000000e+01  3.13355345e-04 
-9.75000000e+00  1.35522400e+00 -9.75000000e+00  2.57099171e-04 -9.75000000e+00  6.20169600e-01 -9.75000000e+00  3.04784229e-04 -9.75000000e+00  6.19541700e-01 -9.75000000e+00  3.13355345e-04 
-9.50000000e+00  1.35522400e+00 -9.50000000e+00  2.57099171e-04 -9.50000000e+00  6.20169600e-01 -9.50000000e+00  3.04784229e-04 -9.50000000e+00  6.19541700e-01 -9.50000000e+00  3.13355345e-04 
-9.25000000e+00  1.35522400e+00 -9.25000000e+00  2.57099171e-04 -9.25000000e+00  6.20169600e-01 -9.25000000e+00  3.04784229e-04 -9.25000000e+00  6.19541700e-01 -9.25000000e+00  3.13355345e-04 
-9.00000000e+00  1.35522400e+00 -9.00000000e+00  2.57099171e-04 -9.00000000e+00  6.20169600e-01 -9.00000000e+00  3.04784229e-04 -9.00000000e+00  6.19541700e-01 -9.00000000e+00  3.13355345e-04 
-8.75000000e+00  1.35522400e+00 -8.75000000e+00  2.57099171e-04 -8.75000000e+00  6.20169600e-01 -8.75000000e+00  3.04784229e-04 -8.75000000e+00  6.19541700e-01 -8.75000000e+00  3.13355345e-04 
-8.50000000e+00  1.35522400e+00 -8.50000000e+00  2.57099171e-04 -8.50000000e+00  6.20169600e-01 -8.50000000e+00  3.04784229e-04 -8.50000000e+00  6.19541700e-01 -8.50000000e+00  3.13355345e-04 
-8.25000000e+00  1.35522400e+00 -8.25000000e+00  2.57099171e-04 -8.25000000e+00  6.20169600e-01 -8.25000000e+00  3.04784229e-04 -8.25000000e+00  6.19541700e-01 -8.25000000e+00  3.13355345e-04 
-8.00000000e+00  1.35522400e+00 -8.00000000e+00  2.57099171e-04 -8.00000000e+00  6.20169600e-01 -8.00000000e+00  3.04784229e-04 -8.00000000e+00  6.19541700e-01 -8.00000000e+00  3.13355345e-04 
-7.75000000e+00  1.35522400e+00 -7.75000000e+00  2.57099171e-04 -7.75000000e+00  6.20169600e-01 -7.75000000e+00  3.04784229e-04 -7.75000000e+00  6.19541700e-01 -7.75000000e+00  3.13355345e-04 
-7.50000000e+00  1.35522400e+00 -7.50000000e+00  2.57099171e-04 -7.50000000e+00  6.20169600e-01 -7.50000000e+00  3.04784229e-04 -7.50000000e+00  6.19541700e-01 -7.50000000e+00  3.13355345e-04 
-7.25000000e+00  1.35522400e+00 -7.25000000e+00  2.57099171e-04 -7.25000000e+00  6.20169600e-01 -7.25000000e+00  3.04784229e-04 -7.25000000e+00  6.19541700e-01 -7.25000000e+00  3.13355345e-04 
-7.00000000e+00  1.35522400e+00 -7.00000000e+00  2.57099171e-04 -7.00000000e+00  6.20169600e-01 -7.00000000e+00  3.04784229e-04 -7.00000000e+00  6.19541700e-01 -7.00000000e+00  3.13355345e-04 
-6.75000000e+00  1.35522400e+00 -6.75000000e+00  2.57099171e-04 -6.75000000e+00  6.20169600e-01 -6.75000000e+00  3.04784229e-04 -6.75000000e+00  6.19541700e-01 -6.75000000e+00  3.13355345e-04 
-6.50000000e+00  1.35522400e+00 -6.50000000e+00  2.57099171e-04 -6.50000000e+00  6.20169600e-01 -6.50000000e+00  3.04784229e-04 -6.50000000e+00  6.19541700e-01 -6.50000000e+00  3.13355345e-04 
-6.25000000e+00  1.35522400e+00 -6.25000000e+00  2.57099171e-04 -6.25000000e+00  6.20169600e-01 -6.25000000e+00  3.04784229e-04 -6.25000000e+00  6.19541700e-01 -6.25000000e+00  3.13355345e-04 
-6.00000000e+00  1.35522400e+00 -6.00000000e+00  2.57099171e-04 -6.00000000e+00  6.20169600e-01 -6.00000000e+00  3.04784229e-04 -6.00000000e+00  6.19541700e-01 -6.00000000e+00  3.13355345e-04 
-5.75000000e+00  1.35522400e+00 -5.75000000e+00  2.57099171e-04 -5.75000000e+00  6.20169600e-01 -5.75000000e+00  3.04784229e-04 -5.75000000e+00  6.19541700e-01 -5.75000000e+00  3.13355345e-04 
-5.50000000e+00  1.35522400e+00 -5.50000000e+00  2.57099171e-04 -5.50000000e+00  6.20169600e-01 -5.50000000e+00  3.04784229e-04 -5.50000000e+00  6.19541700e-01 -5.50000000e+00  3.13355345e-04 
-5.25000000e+00  1.35522400e+00 -5.25000000e+00  2.57099171e-04 -5.25000000e+00  6.20169600e-01 -5.25000000e+00  3.04784229e-04 -5.25000000e+00  6.19541700e-01 -5.25000000e+00  3.13355345e-04 
-5.00000000e+00  1.35522400e+00 -5.00000000e+00  2.57099171e-04 -5.00000000e+00  6.20169600e-01 -5.00000000e+00  3.04784229e-04 -5.00000000e+00  6.19541700e-01 -5.00000000e+00  3.13355345e-04 
-4.75000000e+00  1.35522400e+00 -4.75000000e+00  2.57099171e-04 -4.75000000e+00  6.20169600e-01 -4.75000000e+00  3.04784229e-04 -4.75000000e+00  6.19541700e-01 -4.75000000e+00  3.13355345e-04 
-4.50000000e+00  1.35522400e+00 -4.50000000e+00  2.57099171e-04 -4.50000000e+00  6.20169600e-01 -4.50000000e+00  3.04784229e-04 -4.50000000e+00  6.19541700e-01 -4.50000000e+00  3.13355345e-04 
-4.25000000e+00  1.35522400e+00 -4.25000000e+00  2.57099171e-04 -4.25000000e+00  6.20169600e-01 -4.25000000e+00  3.04784229e-04 -4.25000000e+00  6.19541700e-01 -4.25000000e+00  3.13355345e-04 
-4.00000000e+00  1.35522400e+00 -4.00000000e+00  2.57099171e-04 -4.00000000e+00  6.20169600e-01 -4.00000000e+00  3.04784229e-04 -4.00000000e+00  6.19541700e-01 -4.00000000e+00  3.13355345e-04 
-3.75000000e+00  1.35522400e+00 -3.75000000e+00  2.57099171e-04 -3.75000000e+00  6.20169600e-01 -3.75000000e+00  3.04784229e-04 -3.75000000e+00  6.19541700e-01 -3.75000000e+00  3.13355345e-04 
-3.50000000e+00  1.35522400e+00 -3.50000000e+00  2.57099171e-04 -3.50000000e+00  6.20169600e-01 -3.50000000e+00  3.04784229e-04 -3.50000000e+00  6.19541700e-01 -3.50000000e+00  3.13355345e-04 
-3.25000000e+00  1.35522400e+00 -3.25000000e+00  2.57099171e-04 -3.25000000e+00  6.20169600e-01 -3.25000000e+00  3.04784229e-04 -3.25000000e+00  6.19541700e-01 -3.25000000e+00  3.13355345e-04 
-3.00000000e+00  1.35522400e+00 -3.00000000e+00  2.57099171e-04 -3.00000000e+00  6.20169600e-01 -3.00000000e+00  3.04784229e-04 -3.00000000e+00  6.19541700e-01 -3.00000000e+00  3.13355345e-04 
-2.75000000e+00  1.35522400e+00 -2.75000000e+00  2.57099171e-04 -2.75000000e+00  6.20169600e-01 -2.75000000e+00  3.04784229e-04 -2.75000000e+00  6.19541700e-01 -2.75000000e+00  3.13355345e-04 
-2.50000000e+00  1.35522400e+00 -2.50000000e+00  2.57099171e-04 -2.50000000e+00  6.20169600e-01 -2.50000000e+00  3.04784229e-04 -2.50000000e+00  6.19541700e-01 -2.50000000e+00  3.13355345e-04 
-2.25000000e+00  1.35522400e+00 -2.25000000e+00  2.57099171e-04 -2.25000000e+00  6.20169600e-01 -2.25000000e+00  3.04784229e-04 -2.25000000e+00  6.19541700e-01 -2.25000000e+00  3.13355345e-04 
-2.00000000e+00  1.35522400e+00 -2.00000000e+00  2.57099171e-04 -2.00000000e+00  6.20169600e-01 -2.00000000e+00  3.04784229e-04 -2.00000000e+00  6.19541700e-01 -2.00000000e+00  3.13355345e-04 
-1.75000000e+00  1.35522400e+00 -1.75000000e+00  2.57099171e-04 -1.75000000e+00  6.20169600e-01 -1.75000000e+00  3.04784229e-04 -1.75000000e+00  6.19541700e-01 -1.75000000e+00  3.13355345e-04 
-1.50000000e+00  1.35522400e+00 -1.50000000e+00  2.57099171e-04 -1.50000000e+00  6.20169600e-01 -1.50000000e+00  3.04784229e-04 -1.50000000e+00  6.19541700e-01 -1.50000000e+00  3.13355345e-04 
-1.25000000e+00  1.35522400e+00 -1.25000000e+00  2.57099171e-04 -1.25000000e+00  6.20169600e-01 -1.25000000e+00  3.04784229e-04 -1.25000000e+00  6.19541700e-01 -1.25000000e+00  3.13355345e-04 
-1.00000000e+00  1.35522400e+00 -1.00000000e+00  2.57099171e-04 -1.00000000e+00  6.20169600e-01 -1.00000000e+00  3.04784229e-04 -1.00000000e+00  6.19541700e-01 -1.00000000e+00  3.13355345e-04 
-7.50000000e-01  1.35522400e+00 -7.50000000e-01  2.57099171e-04 -7.50000000e-01  6.20169600e-01 -7.50000000e-01  3.04784229e-04 -7.50000000e-01  6.19541700e-01 -7.50000000e-01  3.13355345e-04 
-5.00000000e-01  1.35522400e+00 -5.00000000e-01  2.57099171e-04 -5.00000000e-01  6.20169600e-01 -5.00000000e-01  3.04784229e-04 -5.00000000e-01  6.19541700e-01 -5.00000000e-01  3.13355345e-04 
-2.50000000e-01  1.35522400e+00 -2.50000000e-01  2.57099171e-04 -2.50000000e-01  6.20169600e-01 -2.50000000e-01  3.04784229e-04 -2.50000000e-01  6.19541700e-01 -2.50000000e-01  3.13355345e-04 
 0.00000000e+00  1.35522400e+00  0.00000000e+00  2.57099171e-04  0.00000000e+00  6.20169600e-01  0.00000000e+00  3.04784229e-04  0.00000000e+00  6.19541700e-01  0.00000000e+00  3.13355345e-04 
 2.50000000e-01  1.35522400e+00  2.50000000e-01  2.57099171e-04  2.50000000e-01  6.20169600e-01  2.50000000e-01  3.04784229e-04  2.50000000e-01  6.19541700e-01  2.50000000e-01  3.13355345e-04 
 5.00000000e-01  1.35522400e+00  5.00000000e-01  2.57099171e-04  5.00000000e-01  6.20169600e-01  5.00000000e-01  3.04784229e-04  5.00000000e-01  6.19541700e-01  5.00000000e-01  3.13355345e-04 
 7.50000000e-01  1.35522400e+00  7.50000000e-01  2.57099171e-04  7.50000000e-01  6.20169600e-01  7.50000000e-01  3.04784229e-04  7.50000000e-01  6.19541700e-01  7.50000000e-01  3.13355345e-04 
 1.00000000e+00  1.35522400e+00  1.00000000e+00  2.57099171e-04  1.00000000e+00  6.20169600e-01  1.00000000e+00  3.04784229e-04  1.00000000e+00  6.19541700e-01  1.00000000e+00  3.13355345e-04 
 1.25000000e+00  1.35522400e+00  1.25000000e+00  2.57099171e-04  1.25000000e+00  6.20169600e-01  1.25000000e+00  3.04784229e-04  1.25000000e+00  6.19541700e-01  1.25000000e+00  3.13355345e-04 
 1.50000000e+00  1.35522400e+00  1.50000000e+00  2.57099171e-04  1.50000000e+00  6.20169600e-01  1.50000000e+00  3.04784229e-04  1.50000000e+00  6.19541700e-01  1.50000000e+00  3.13355345e-04 
 1.75000000e+00  1.35522400e+00  1.75000000e+00  2.57099171e-04  1.75000000e+00  6.20169600e-01  1.75000000e+00  3.04784229e-04  1.75000000e+00  6.19541700e-01  1.75000000e+00  3.13355345e-04 
 2.00000000e+00  1.35522400e+00  2.00000000e+00  2.57099171e-04  2.00000000e+00  6.20169600e-01  2.00000000e+00  3.04784229e-04  2.00000000e+00  6.19541700e-01  2.00000000e+00  3.13355345e-04 
 2.25000000e+00  1.35522400e+00  2.25000000e+00  2.57099171e-04  2.25000000e+00  6.20169600e-01  2.25000000e+00  3.04784229e-04  2.25000000e+00  6.19541700e-01  2.25000000e+00  3.13355345e-04 
 2.50000000e+00  1.35522400e+00  2.50000000e+00  2.57099171e-04  2.50000000e+00  6.20169600e-01  2.50000000e+00  3.04784229e-04  2.50000000e+00  6.19541700e-01  2.50000000e+00  3.13355345e-04 
 2.75000000e+00  1.35522400e+00  2.75000000e+00  2.57099171e-04  2.75000000e+00  6.20169600e-01  2.75000000e+00  3.04784229e-04  2.75000000e+00  6.19541700e-01  2.75000000e+00  3.13355345e-04 
 3.00000000e+00  1.35522400e+00  3.00000000e+00  2.57099171e-04  3.00000000e+00  6.20169600e-01  3.00000000e+00  3.04784229e-04  3.00000000e+00  6.19541700e-01  3.00000000e+00  3.13355345e-04 
 3.25000000e+00  1.35522400e+00  3.25000000e+00  2.57099171e-04  3.25000000e+00  6.20169600e-01  3.25000000e+00  3.04784229e-04  3.25000000e+00  6.19541700e-01  3.25000000e+00  3.13355345e-04 
 3.50000000e+00  1.35522400e+00  3.50000000e+00  2.57099171e-04  3.50000000e+00  6.20169600e-01  3.50000000e+00  3.04784229e-04  3.50000000e+00  6.19541700e-01  3.50000000e+00  3.13355345e-04 
 3.75000000e+00  1.35522400e+00  3.75000000e+00  2.57099171e-04  3.75000000e+00  6.20169600e-01  3.75000000e+00  3.04784229e-04  3.75000000e+00  6.19541700e-01  3.75000000e+00  3.13355345e-04 
 4.00000000e+00  1.35522400e+00  4.00000000e+00  2.57099171e-04  4.00000000e+00  6.20169600e-01  4.00000000e+00  3.04784229e-04  4.00000000e+00  6.19541700e-01  4.00000000e+00  3.13355345e-04 
 4.25000000e+00  1.35522400e+00  4.25000000e+00  2.57099171e-04  4.25000000e+00  6.20169600e-01  4.25000000e+00  3.04784229e-04  4.25000000e+00  6.19541700e-01  4.25000000e+00  3.13355345e-04 
 4.50000000e+00  1.35522400e+00  4.50000000e+00  2.57099171e-04  4.50000000e+00  6.20169600e-01  4.50000000e+00  3.04784229e-04  4.50000000e+00  6.19541700e-01  4.50000000e+00  3.13355345e-04 
 4.75000000e+00  1.35522400e+00  4.75000000e+00  2.57099171e-04  4.75000000e+00  6.20169600e-01  4.75000000e+00  3.04784229e-04  4.75000000e+00  6.19541700e-01  4.75000000e+00  3.13355345e-04 
 5.00000000e+00  1.35522400e+00  5.00000000e+00  2.57099171e-04  5.00000000e+00  6.20169600e-01  5.00000000e+00  3.04784229e-04  5.00000000e+00  6.19541700e-01  5.00000000e+00  3.13355345e-04 
 5.25000000e+00  1.35522400e+00  5.25000000e+00  2.57099171e-04  5.25000000e+00  6.20169600e-01  5.25000000e+00  3.04784229e-04  5.25000000e+00  6.19541700e-01  5.25000000e+00  3.13355345e-04 
 5.50000000e+00  1.35522400e+00  5.50000000e+00  2.57099171e-04  5.50000000e+00  6.20169600e-01  5.50000000e+00  3.04784229e-04  5.50000000e+00  6.19541700e-01  5.50000000e+00  3.13355345e-04 
 5.75000000e+00  1.35522400e+00  5.75000000e+00  2.57099171e-04  5.75000000e+00  6.20169600e-01  5.75000000e+00  3.04784229e-04  5.75000000e+00  6.19541700e-01  5.75000000e+00  3.13355345e-04 
 6.00000000e+00  1.35522400e+00  6.00000000e+00  2.57099171e-04  6.00000000e+00  6.20169600e-01  6.00000000e+00  3.04784229e-04  6.00000000e+00  6.19541700e-01  6.00000000e+00  3.13355345e-04 
 6.25000000e+00  1.35522400e+00  6.25000000e+00  2.57099171e-04  6.25000000e+00  6.20169600e-01  6.25000000e+00  3.04784229e-04  6.25000000e+00  6.19541700e-01  6.25000000e+00  3.13355345e-04 
 6.50000000e+00  1.35522400e+00  6.50000000e+00  2.57099171e-04  6.50000000e+00  6.20169600e-01  6.50000000e+00  3.04784229e-04  6.50000000e+00  6.19541700e-01  6.50000000e+00  3.13355345e-04 
 6.75000000e+00  1.35522400e+00  6.75000000e+00  2.57099171e-04  6.75000000e+00  6.20169600e-01  6.75000000e+00  3.04784229e-04  6.75000000e+00  6.19541700e-01  6.75000000e+00  3.13355345e-04 
 7.00000000e+00  1.35522400e+00  7.00000000e+00  2.57099171e-04  7.00000000e+00  6.20169600e-01  7.00000000e+00  3.04784229e-04  7.00000000e+00  6.19541700e-01  7.00000000e+00  3.13355345e-04 
 7.25000000e+00  1.35522400e+00  7.25000000e+00  2.57099171e-04  7.25000000e+00  6.20169600e-01  7.25000000e+00  3.04784229e-04  7.25000000e+00  6.19541700e-01  7.25000000e+00  3.13355345e-04 
 7.50000000e+00  1.35522400e+00  7.50000000e+00  2.57099171e-04  7.50000000e+00  6.20169600e-01  7.50000000e+00  3.04784229e-04  7.50000000e+00  6.19541700e-01  7.50000000e+00  3.13355345e-04 
 7.75000000e+00  1.35522400e+00  7.75000000e+00  2.57099171e-04  7.75000000e+00  6.20169600e-01  7.75000000e+00  3.04784229e-04  7.75000000e+00  6.19541700e-01  7.75000000e+00  3.13355345e-04 
 8.00000000e+00  1.35522400e+00  8.00000000e+00  2.57099171e-04  8.00000000e+00  6.20169600e-01  8.00000000e+00  3.04784229e-04  8.00000000e+00  6.19541700e-01  8.00000000e+00  3.13355345e-04 
 8.25000000e+00  1.35522400e+00  8.25000000e+00  2.57099171e-04  8.25000000e+00  6.20169600e-01  8.25000000e+00  3.04784229e-04  8.25000000e+00  6.19541700e-01  8.25000000e+00  3.13355345e-04 
 8.50000000e+00  1.35522400e+00  8.50000000e+00  2.57099171e-04  8.50000000e+00  6.20169600e-01  8.50000000e+00  3.04784229e-04  8.50000000e+00  6.19541700e-01  8.50000000e+00  3.13355345e-04 
 8.75000000e+00  1.35522400e+00  8.75000000e+00  2.57099171e-04  8.75000000e+00  6.20169600e-01  8.75000000e+00  3.04784229e-04  8.75000000e+00  6.19541700e-01  8.75000000e+00  3.13355345e-04 
 9.00000000e+00  1.35522400e+00  9.00000000e+00  2.57099171e-04  9.00000000e+00  6.20169600e-01  9.00000000e+00  3.04784229e-04  9.00000000e+00  6.19541700e-01  9.00000000e+00  3.13355345e-04 
 9.25000000e+00  1.35522400e+00  9.25000000e+00  2.57099171e-04  9.25000000e+00  6.20169600e-01  9.25000000e+00  3.04784229e-04  9.25000000e+00  6.19541700e-01  9.25000000e+00  3.13355345e-04 
 9.50000000e+00  1.35522400e+00  9.50000000e+00  2.57099171e-04  9.50000000e+00  6.20169600e-01  9.50000000e+00  3.04784229e-04  9.50000000e+00  6.19541700e-01  9.50000000e+00  3.13355345e-04 
 9.75000000e+00  1.35522400e+00  9.75000000e+00  2.57099171e-04  9.75000000e+00  6.20169600e-01  9.75000000e+00  3.04784229e-04  9.75000000e+00  6.19541700e-01  9.75000000e+00  3.13355345e-04 
 1.00000000e+01  1.35522400e+00  1.00000000e+01  2.57099171e-04  1.00000000e+01  6.20169600e-01  1.00000000e+01  3.04784229e-04  1.00000000e+01  6.19541700e-01  1.00000000e+01  3.13355345e-04 
 1.02500000e+01  1.35522400e+00  1.02500000e+01  2.57099171e-04  1.02500000e+01  6.20169600e-01  1.02500000e+01  3.04784229e-04  1.02500000e+01  6.19541700e-01  1.02500000e+01  3.13355345e-04 
 1.05000000e+01  1.35522400e+00  1.05000000e+01  2.57099171e-04  1.05000000e+01  6.20169600e-01  1.05000000e+01  3.04784229e-04  1.05000000e+01  6.19541700e-01  1.05000000e+01  3.13355345e-04 
 1.07500000e+01  1.35522400e+00  1.07500000e+01  2.57099171e-04  1.07500000e+01  6.20169600e-01  1.07500000e+01  3.04784229e-04  1.07500000e+01  6.19541700e-01  1.07500000e+01  3.13355345e-04 
 1.10000000e+01  1.35522400e+00  1.10000000e+01  2.57099171e-04  1.10000000e+01  6.20169600e-01  1.10000000e+01  3.04784229e-04  1.10000000e+01  6.19541700e-01  1.10000000e+01  3.13355345e-04 
 1.12500000e+01  1.35522400e+00  1.12500000e+01  2.57099171e-04  1.12500000e+01  6.20169600e-01  1.12500000e+01  3.04784229e-04  1.12500000e+01  6.19541700e-01  1.12500000e+01  3.13355345e-04 
 1.15000000e+01  1.35522400e+00  1.15000000e+01  2.57099171e-04  1.15000000e+01  6.20169600e-01  1.15000000e+01  3.04784229e-04  1.15000000e+01  6.19541700e-01  1.15000000e+01  3.13355345e-04 
 1.17500000e+01  1.35522400e+00  1.17500000e+01  2.57099171e-04  1.17500000e+01  6.20169600e-01  1.17500000e+01  3.04784229e-04  1.17500000e+01  6.19541700e-01  1.17500000e+01  3.13355345e-04 
 1.20000000e+01  1.35522400e+00  1.20000000e+01  2.57099171e-04  1.20000000e+01  6.20169600e-01  1.20000000e+01  3.04784229e-04  1.20000000e+01  6.19541700e-01  1.20000000e+01  3.13355345e-04 
 1.22500000e+01  1.35522400e+00  1.22500000e+01  2.57099171e-04  1.22500000e+01  6.20169600e-01  1.22500000e+01  3.04784229e-04  1.22500000e+01  6.19541700e-01  1.22500000e+01  3.13355345e-04 
 1.25000000e+01  1.35522400e+00  1.25000000e+01  2.57099171e-04  1.25000000e+01  6.20169600e-01  1.25000000e+01  3.04784229e-04  1.25000000e+01  6.19541700e-01  1.25000000e+01  3.13355345e-04 
 1.27500000e+01  1.35522400e+00  1.27500000e+01  2.57099171e-04  1.27500000e+01  6.20169600e-01  1.27500000e+01  3.04784229e-04  1.27500000e+01  6.19541700e-01  1.27500000e+01  3.13355345e-04 
 1.30000000e+01  1.35522400e+00  1.30000000e+01  2.57099171e-04  1.30000000e+01  6.20169600e-01  1.30000000e+01  3.04784229e-04  1.30000000e+01  6.19541700e-01  1.30000000e+01  3.13355345e-04 
 1.32500000e+01  1.35522400e+00  1.32500000e+01  2.57099171e-04  1.32500000e+01  6.20169600e-01  1.32500000e+01  3.04784229e-04  1.32500000e+01  6.19541700e-01  1.32500000e+01  3.13355345e-04 
 1.35000000e+01  1.35522400e+00  1.35000000e+01  2.57099171e-04  1.35000000e+01  6.20169600e-01  1.35000000e+01  3.04784229e-04  1.35000000e+01  6.19541700e-01  1.35000000e+01  3.13355345e-04 
 1.37500000e+01  1.35522400e+00  1.37500000e+01  2.57099171e-04  1.37500000e+01  6.20169600e-01  1.37500000e+01  3.04784229e-04  1.37500000e+01  6.19541700e-01  1.37500000e+01  3.13355345e-04 
 1.40000000e+01  1.35522400e+00  1.40000000e+01  2.57099171e-04  1.40000000e+01  6.20169600e-01  1.40000000e+01  3.04784229e-04  1.40000000e+01  6.19541700e-01  1.40000000e+01  3.13355345e-04 
 1.42500000e+01  1.35522400e+00  1.42500000e+01  2.57099171e-04  1.42500000e+01  6.20169600e-01  1.42500000e+01  3.04784229e-04  1.42500000e+01  6.19541700e-01  1.42500000e+01  3.13355345e-04 
 1.45000000e+01  1.35522400e+00  1.45000000e+01  2.57099171e-04  1.45000000e+01  6.20169600e-01  1.45000000e+01  3.04784229e-04  1.45000000e+01  6.19541700e-01  1.45000000e+01  3.13355345e-04 
 1.47500000e+01  1.35522400e+00  1.47500000e+01  2.57099171e-04  1.47500000e+01  6.20169600e-01  1.47500000e+01  3.04784229e-04  1.47500000e+01  6.19541700e-01  1.47500000e+01  3.13355345e-04 
 1.50000000e+01  1.35522400e+00  1.50000000e+01  2.57099171e-04  1.50000000e+01  6.20169600e-01  1.50000000e+01  3.04784229e-04  1.50000000e+01  6.19541700e-01  1.50000000e+01  3.13355345e-04 
 1.52500000e+01  1.35522400e+00  1.52500000e+01  2.57099171e-04  1.52500000e+01  6.20169600e-01  1.52500000e+01  3.04784229e-04  1.52500000e+01  6.19541700e-01  1.52500000e+01  3.13355345e-04 
 1.55000000e+01  1.35522400e+00  1.55000000e+01  2.57099171e-04  1.55000000e+01  6.20169600e-01  1.55000000e+01  3.04784229e-04  1.55000000e+01  6.19541700e-01  1.55000000e+01  3.13355345e-04 
 1.57500000e+01  1.35522400e+00  1.57500000e+01  2.57099171e-04  1.57500000e+01  6.20169600e-01  1.57500000e+01  3.04784229e-04  1.57500000e+01  6.19541700e-01  1.57500000e+01  3.13355345e-04 
 1.60000000e+01  1.35522400e+00  1.60000000e+01  2.57099171e-04  1.60000000e+01  6.20169600e-01  1.60000000e+01  3.04784229e-04  1.60000000e+01  6.19541700e-01  1.60000000e+01  3.13355345e-04 
 1.62500000e+01  1.35522400e+00  1.62500000e+01  2.57099171e-04  1.62500000e+01  6.20169600e-01  1.62500000e+01  3.04784229e-04  1.62500000e+01  6.19541700e-01  1.62500000e+01  3.13355345e-04 
 1.65000000e+01  1.35522400e+00  1.65000000e+01  2.57099171e-04  1.65000000e+01  6.20169600e-01  1.65000000e+01  3.04784229e-04  1.65000000e+01  6.19541700e-01  1.65000000e+01  3.13355345e-04 
 1.67500000e+01  1.35522400e+00  1.67500000e+01  2.57099171e-04  1.67500000e+01  6.20169600e-01  1.67500000e+01  3.04784229e-04  1.67500000e+01  6.19541700e-01  1.67500000e+01  3.13355345e-04 
 1.70000000e+01  1.35522400e+00  1.70000000e+01  2.57099171e-04  1.70000000e+01  6.20169600e-01  1.70000000e+01  3.04784229e-04  1.70000000e+01  6.19541700e-01  1.70000000e+01  3.13355345e-04 
 1.72500000e+01  1.35522400e+00  1.72500000e+01  2.57099171e-04  1.72500000e+01  6.20169600e-01  1.72500000e+01  3.04784229e-04  1.72500000e+01  6.19541700e-01  1.72500000e+01  3.13355345e-04 
 1.75000000e+01  1.35522400e+00  1.75000000e+01  2.57099171e-04  1.75000000e+01  6.20169600e-01  1.75000000e+01  3.04784229e-04  1.75000000e+01  6.19541700e-01  1.75000000e+01  3.13355345e-04 
 1.77500000e+01  1.35522400e+00  1.77500000e+01  2.57099171e-04  1.77500000e+01  6.20169600e-01  1.77500000e+01  3.04784229e-04  1.77500000e+01  6.19541700e-01  1.77500000e+01  3.13355345e-04 
 1.80000000e+01  1.35522400e+00  1.80000000e+01  2.57099171e-04  1.80000000e+01  6.20169600e-01  1.80000000e+01  3.04784229e-04  1.80000000e+01  6.19541700e-01  1.80000000e+01  3.13355345e-04 
 1.82500000e+01  1.35522400e+00  1.82500000e+01  2.57099171e-04  1.82500000e+01  6.20169600e-01  1.82500000e+01  3.04784229e-04  1.82500000e+01  6.19541700e-01  1.82500000e+01  3.13355345e-04 
 1.85000000e+01  1.35522400e+00  1.85000000e+01  2.57099171e-04  1.85000000e+01  6.20169600e-01  1.85000000e+01  3.04784229e-04  1.85000000e+01  6.19541700e-01  1.85000000e+01  3.13355345e-04 
 1.87500000e+01  1.35522400e+00  1.87500000e+01  2.57099171e-04  1.87500000e+01  6.20169600e-01  1.87500000e+01  3.04784229e-04  1.87500000e+01  6.19541700e-01  1.87500000e+01  3.13355345e-04 
 1.90000000e+01  1.35522400e+00  1.90000000e+01  2.57099171e-04  1.90000000e+01  6.20169600e-01  1.90000000e+01  3.04784229e-04  1.90000000e+01  6.19541700e-01  1.90000000e+01  3.13355345e-04 
 1.92500000e+01  1.35522400e+00  1.92500000e+01  2.57099171e-04  1.92500000e+01  6.20169600e-01  1.92500000e+01  3.04784229e-04  1.92500000e+01  6.19541700e-01  1.92500000e+01  3.13355345e-04 
 1.95000000e+01  1.35522400e+00  1.95000000e+01  2.57099171e-04  1.95000000e+01  6.20169600e-01  1.95000000e+01  3.04784229e-04  1.95000000e+01  6.19541700e-01  1.95000000e+01  3.13355345e-04 
 1.97500000e+01  1.35522400e+00  1.97500000e+01  2.57099171e-04  1.97500000e+01  6.20169600e-01  1.97500000e+01  3.04784229e-04  1.97500000e+01  6.19541700e-01  1.97500000e+01  3.13355345e-04 
 2.00000000e+01  1.35522400e+00  2.00000000e+01  2.57099171e-04  2.00000000e+01  6.20169600e-01  2.00000000e+01  3.04784229e-04  2.00000000e+01  6.19541700e-01  2.00000000e+01  3.13355345e-04 
 2.02500000e+01  1.35522400e+00  2.02500000e+01  2.57099171e-04  2.02500000e+01  6.20169600e-01  2.02500000e+01  3.04784229e-04  2.02500000e+01  6.19541700e-01  2.02500000e+01  3.13355345e-04 
 2.05000000e+01  1.35522400e+00  2.05000000e+01  2.57099171e-04  2.05000000e+01  6.20169600e-01  2.05000000e+01  3.04784229e-04  2.05000000e+01  6.19541700e-01  2.05000000e+01  3.13355345e-04 
 2.07500000e+01  1.35522400e+00  2.07500000e+01  2.57099171e-04  2.07500000e+01  6.20169600e-01  2.07500000e+01  3.04784229e-04  2.07500000e+01  6.19541700e-01  2.07500000e+01  3.13355345e-04 
 2.10000000e+01  1.35522400e+00  2.10000000e+01  2.57099171e-04  2.10000000e+01  6.20169600e-01  2.10000000e+01  3.04784229e-04  2.10000000e+01  6.19541700e-01  2.10000000e+01  3.13355345e-04 
 2.12500000e+01  1.35522400e+00  2.12500000e+01  2.57099171e-04  2.12500000e+01  6.20169600e-01  2.12500000e+01  3.04784229e-04  2.12500000e+01  6.19541700e-01  2.12500000e+01  3.13355345e-04 
 2.15000000e+01  1.35522400e+00  2.15000000e+01  2.57099171e-04  2.15000000e+01  6.20169600e-01  2.15000000e+01  3.04784229e-04  2.15000000e+01  6.19541700e-01  2.15000000e+01  3.13355345e-04 
 2.17500000e+01  1.35522400e+00  2.17500000e+01  2.57099171e-04  2.17500000e+01  6.20169600e-01  2.17500000e+01  3.04784229e-04  2.17500000e+01  6.19541700e-01  2.17500000e+01  3.13355345e-04 
 2.20000000e+01  1.35522400e+00  2.20000000e+01  2.57099171e-04  2.20000000e+01  6.20169600e-01  2.20000000e+01  3.04784229e-04  2.20000000e+01  6.19541700e-01  2.20000000e+01  3.13355345e-04 
 2.22500000e+01  1.35522400e+00  2.22500000e+01  2.57099171e-04  2.22500000e+01  6.20169600e-01  2.22500000e+01  3.04784229e-04  2.22500000e+01  6.19541700e-01  2.22500000e+01  3.13355345e-04 
 2.25000000e+01  1.35522400e+00  2.25000000e+01  2.57099171e-04  2.25000000e+01  6.20169600e-01  2.25000000e+01  3.04784229e-04  2.25000000e+01  6.19541700e-01  2.25000000e+01  3.13355345e-04 
 2.27500000e+01  1.35522400e+00  2.27500000e+01  2.57099171e-04  2.27500000e+01  6.20169600e-01  2.27500000e+01  3.04784229e-04  2.27500000e+01  6.19541700e-01  2.27500000e+01  3.13355345e-04 
 2.30000000e+01  1.35522400e+00  2.30000000e+01  2.57099171e-04  2.30000000e+01  6.20169600e-01  2.30000000e+01  3.04784229e-04  2.30000000e+01  6.19541700e-01  2.30000000e+01  3.13355345e-04 
 2.32500000e+01  1.35522400e+00  2.32500000e+01  2.57099171e-04  2.32500000e+01  6.20169600e-01  2.32500000e+01  3.04784229e-04  2.32500000e+01  6.19541700e-01  2.32500000e+01  3.13355345e-04 
 2.35000000e+01  1.35522400e+00  2.35000000e+01  2.57099171e-04  2.35000000e+01  6.20169600e-01  2.35000000e+01  3.04784229e-04  2.35000000e+01  6.19541700e-01  2.35000000e+01  3.13355345e-04 
 2.37500000e+01  1.35522400e+00  2.37500000e+01  2.57099171e-04  2.37500000e+01  6.20169600e-01  2.37500000e+01  3.04784229e-04  2.37500000e+01  6.19541700e-01  2.37500000e+01  3.13355345e-04 
 2.40000000e+01  1.35522400e+00  2.40000000e+01  2.57099171e-04  2.40000000e+01  6.20169600e-01  2.40000000e+01  3.04784229e-04  2.40000000e+01  6.19541700e-01  2.40000000e+01  3.13355345e-04 
 2.42500000e+01  1.35522400e+00  2.42500000e+01  2.57099171e-04  2.42500000e+01  6.20169600e-01  2.42500000e+01  3.04784229e-04  2.42500000e+01  6.19541700e-01  2.42500000e+01  3.13355345e-04 
 2.45000000e+01  1.35522400e+00  2.45000000e+01  2.57099171e-04  2.45000000e+01  6.20169600e-01  2.45000000e+01  3.04784229e-04  2.45000000e+01  6.19541700e-01  2.45000000e+01  3.13355345e-04 
 2.47500000e+01  1.35522400e+00  2.47500000e+01  2.57099171e-04  2.47500000e+01  6.20169600e-01  2.47500000e+01  3.04784229e-04  2.47500000e+01  6.19541700e-01  2.47500000e+01  3.13355345e-04 
 2.50000000e+01  1.35522400e+00  2.50000000e+01  2.57099171e-04  2.50000000e+01  6.20169600e-01  2.50000000e+01  3.04784229e-04  2.50000000e+01  6.19541700e-01  2.50000000e+01  3.13355345e-04 
 2.52500000e+01  1.35522400e+00  2.52500000e+01  2.57099171e-04  2.52500000e+01  6.20169600e-01  2.52500000e+01  3.04784229e-04  2.52500000e+01  6.19541700e-01  2.52500000e+01  3.13355345e-04 
 2.55000000e+01  1.35522400e+00  2.55000000e+01  2.57099171e-04  2.55000000e+01  6.20169600e-01  2.55000000e+01  3.04784229e-04  2.55000000e+01  6.19541700e-01  2.55000000e+01  3.13355345e-04 
 2.57500000e+01  1.35522400e+00  2.57500000e+01  2.57099171e-04  2.57500000e+01  6.20169600e-01  2.57500000e+01  3.04784229e-04  2.57500000e+01  6.19541700e-01  2.57500000e+01  3.13355345e-04 
 2.60000000e+01  1.35522400e+00  2.60000000e+01  2.57099171e-04  2.60000000e+01  6.20169600e-01  2.60000000e+01  3.04784229e-04  2.60000000e+01  6.19541700e-01  2.60000000e+01  3.13355345e-04 
 2.62500000e+01  1.35522400e+00  2.62500000e+01  2.57099171e-04  2.62500000e+01  6.20169600e-01  2.62500000e+01  3.04784229e-04  2.62500000e+01  6.19541700e-01  2.62500000e+01  3.13355345e-04 
 2.65000000e+01  1.35522400e+00  2.65000000e+01  2.57099171e-04  2.65000000e+01  6.20169600e-01  2.65000000e+01  3.04784229e-04  2.65000000e+01  6.19541700e-01  2.65000000e+01  3.13355345e-04 
 2.67500000e+01  1.35522400e+00  2.67500000e+01  2.57099171e-04  2.67500000e+01  6.20169600e-01  2.67500000e+01  3.04784229e-04  2.67500000e+01  6.19541700e-01  2.67500000e+01  3.13355345e-04 
 2.70000000e+01  1.35522400e+00  2.70000000e+01  2.57099171e-04  2.70000000e+01  6.20169600e-01  2.70000000e+01  3.04784229e-04  2.70000000e+01  6.19541700e-01  2.70000000e+01  3.13355345e-04 
 2.72500000e+01  1.35522400e+00  2.72500000e+01  2.57099171e-04  2.72500000e+01  6.20169600e-01  2.72500000e+01  3.04784229e-04  2.72500000e+01  6.19541700e-01  2.72500000e+01  3.13355345e-04 
 2.75000000e+01  1.35522400e+00  2.75000000e+01  2.57099171e-04  2.75000000e+01  6.20169600e-01  2.75000000e+01  3.04784229e-04  2.75000000e+01  6.19541700e-01  2.75000000e+01  3.13355345e-04 
 2.77500000e+01  1.35522400e+00  2.77500000e+01  2.57099171e-04  2.77500000e+01  6.20169600e-01  2.77500000e+01  3.04784229e-04  2.77500000e+01  6.19541700e-01  2.77500000e+01  3.13355345e-04 
 2.80000000e+01  1.35522400e+00  2.80000000e+01  2.57099171e-04  2.80000000e+01  6.20169600e-01  2.80000000e+01  3.04784229e-04  2.80000000e+01  6.19541700e-01  2.80000000e+01  3.13355345e-04 
 2.82500000e+01  1.35522400e+00  2.82500000e+01  2.57099171e-04  2.82500000e+01  6.20169600e-01  2.82500000e+01  3.04784229e-04  2.82500000e+01  6.19541700e-01  2.82500000e+01  3.13355345e-04 
 2.85000000e+01  1.35522400e+00  2.85000000e+01  2.57099171e-04  2.85000000e+01  6.20169600e-01  2.85000000e+01  3.04784229e-04  2.85000000e+01  6.19541700e-01  2.85000000e+01  3.13355345e-04 
 2.87500000e+01  1.35522400e+00  2.87500000e+01  2.57099171e-04  2.87500000e+01  6.20169600e-01  2.87500000e+01  3.04784229e-04  2.87500000e+01  6.19541700e-01  2.87500000e+01  3.13355345e-04 
 2.90000000e+01  1.35522400e+00  2.90000000e+01  2.57099171e-04  2.90000000e+01  6.20169600e-01  2.90000000e+01  3.04784229e-04  2.90000000e+01  6.19541700e-01  2.90000000e+01  3.13355345e-04 
 2.92500000e+01  1.35522400e+00  2.92500000e+01  2.57099171e-04  2.92500000e+01  6.20169600e-01  2.92500000e+01  3.04784229e-04  2.92500000e+01  6.19541700e-01  2.92500000e+01  3.13355345e-04 
 2.95000000e+01  1.35522400e+00  2.95000000e+01  2.57099171e-04  2.95000000e+01  6.20169600e-01  2.95000000e+01  3.04784229e-04  2.95000000e+01  6.19541700e-01  2.95000000e+01  3.13355345e-04 
 2.97500000e+01  1.35522400e+00  2.97500000e+01  2.57099171e-04  2.97500000e+01  6.20169600e-01  2.97500000e+01  3.04784229e-04  2.97500000e+01  6.19541700e-01  2.97500000e+01  3.13355345e-04 
 3.00000000e+01  1.35522400e+00  3.00000000e+01  2.57099171e-04  3.00000000e+01  6.20169600e-01  3.00000000e+01  3.04784229e-04  3.00000000e+01  6.19541700e-01  3.00000000e+01  3.13355345e-04 
 3.02500000e+01  1.35522400e+00  3.02500000e+01  2.57099171e-04  3.02500000e+01  6.20169600e-01  3.02500000e+01  3.04784229e-04  3.02500000e+01  6.19541700e-01  3.02500000e+01  3.13355345e-04 
 3.05000000e+01  1.35522400e+00  3.05000000e+01  2.57099171e-04  3.05000000e+01  6.20169600e-01  3.05000000e+01  3.04784229e-04  3.05000000e+01  6.19541700e-01  3.05000000e+01  3.13355345e-04 
 3.07500000e+01  1.35522400e+00  3.07500000e+01  2.57099171e-04  3.07500000e+01  6.20169600e-01  3.07500000e+01  3.04784229e-04  3.07500000e+01  6.19541700e-01  3.07500000e+01  3.13355345e-04 
 3.10000000e+01  1.35522400e+00  3.10000000e+01  2.57099171e-04  3.10000000e+01  6.20169600e-01  3.10000000e+01  3.04784229e-04  3.10000000e+01  6.19541700e-01  3.10000000e+01  3.13355345e-04 
 3.12500000e+01  1.35522400e+00  3.12500000e+01  2.57099171e-04  3.12500000e+01  6.20169600e-01  3.12500000e+01  3.04784229e-04  3.12500000e+01  6.19541700e-01  3.12500000e+01  3.13355345e-04 
 3.15000000e+01  1.35522400e+00  3.15000000e+01  2.57099171e-04  3.15000000e+01  6.20169600e-01  3.15000000e+01  3.04784229e-04  3.15000000e+01  6.19541700e-01  3.15000000e+01  3.13355345e-04 
 3.17500000e+01  1.35522400e+00  3.17500000e+01  2.57099171e-04  3.17500000e+01  6.20169600e-01  3.17500000e+01  3.04784229e-04  3.17500000e+01  6.19541700e-01  3.17500000e+01  3.13355345e-04 
 3.20000000e+01  1.35522400e+00  3.20000000e+01  2.57099171e-04  3.20000000e+01  6.20169600e-01  3.20000000e+01  3.04784229e-04  3.20000000e+01  6.19541700e-01  3.20000000e+01  3.13355345e-04 
 3.22500000e+01  1.35522400e+00  3.22500000e+01  2.57099171e-04  3.22500000e+01  6.20169600e-01  3.22500000e+01  3.04784229e-04  3.22500000e+01  6.19541700e-01  3.22500000e+01  3.13355345e-04 
 3.25000000e+01  1.35522400e+00  3.25000000e+01  2.57099171e-04  3.25000000e+01  6.20169600e-01  3.25000000e+01  3.04784229e-04  3.25000000e+01  6.19541700e-01  3.25000000e+01  3.13355345e-04 
 3.27500000e+01  1.35522400e+00  3.27500000e+01  2.57099171e-04  3.27500000e+01  6.20169600e-01  3.27500000e+01  3.04784229e-04  3.27500000e+01  6.19541700e-01  3.27500000e+01  3.13355345e-04 
 3.30000000e+01  1.35522400e+00  3.30000000e+01  2.57099171e-04  3.30000000e+01  6.20169600e-01  3.30000000e+01  3.04784229e-04  3.30000000e+01  6.19541700e-01  3.30000000e+01  3.13355345e-04 
 3.32500000e+01  1.35522400e+00  3.32500000e+01  2.57099171e-04  3.32500000e+01  6.20169600e-01  3.32500000e+01  3.04784229e-04  3.32500000e+01  6.19541700e-01  3.32500000e+01  3.13355345e-04 
 3.35000000e+01  1.35522400e+00  3.35000000e+01  2.57099171e-04  3.35000000e+01  6.20169600e-01  3.35000000e+01  3.04784229e-04  3.35000000e+01  6.19541700e-01  3.35000000e+01  3.13355345e-04 
 3.37500000e+01  1.35522400e+00  3.37500000e+01  2.57099171e-04  3.37500000e+01  6.20169600e-01  3.37500000e+01  3.04784229e-04  3.37500000e+01  6.19541700e-01  3.37500000e+01  3.13355345e-04 
 3.40000000e+01  1.35522400e+00  3.40000000e+01  2.57099171e-04  3.40000000e+01  6.20169600e-01  3.40000000e+01  3.04784229e-04  3.40000000e+01  6.19541700e-01  3.40000000e+01  3.13355345e-04 
 3.42500000e+01  1.35522400e+00  3.42500000e+01  2.57099171e-04  3.42500000e+01  6.20169600e-01  3.42500000e+01  3.04784229e-04  3.42500000e+01  6.19541700e-01  3.42500000e+01  3.13355345e-04 
 3.45000000e+01  1.35522400e+00  3.45000000e+01  2.57099171e-04  3.45000000e+01  6.20169600e-01  3.45000000e+01  3.04784229e-04  3.45000000e+01  6.19541700e-01  3.45000000e+01  3.13355345e-04 
 3.47500000e+01  1.35522400e+00  3.47500000e+01  2.57099171e-04  3.47500000e+01  6.20169600e-01  3.47500000e+01  3.04784229e-04  3.47500000e+01  6.19541700e-01  3.47500000e+01  3.13355345e-04 
 3.50000000e+01  1.35522400e+00  3.50000000e+01  2.57099171e-04  3.50000000e+01  6.20169600e-01  3.50000000e+01  3.04784229e-04  3.50000000e+01  6.19541700e-01  3.50000000e+01  3.13355345e-04 
 3.52500000e+01  1.35522400e+00  3.52500000e+01  2.57099171e-04  3.52500000e+01  6.20169600e-01  3.52500000e+01  3.04784229e-04  3.52500000e+01  6.19541700e-01  3.52500000e+01  3.13355345e-04 
 3.55000000e+01  1.35522400e+00  3.55000000e+01  2.57099171e-04  3.55000000e+01  6.20169600e-01  3.55000000e+01  3.04784229e-04  3.55000000e+01  6.19541700e-01  3.55000000e+01  3.13355345e-04 
 3.57500000e+01  1.35522400e+00  3.57500000e+01  2.57099171e-04  3.57500000e+01  6.20169600e-01  3.57500000e+01  3.04784229e-04  3.57500000e+01  6.19541700e-01  3.57500000e+01  3.13355345e-04 
 3.60000000e+01  1.35522400e+00  3.60000000e+01  2.57099171e-04  3.60000000e+01  6.20169600e-01  3.60000000e+01  3.04784229e-04  3.60000000e+01  6.19541700e-01  3.60000000e+01  3.13355345e-04 
 3.62500000e+01  1.35522400e+00  3.62500000e+01  2.57099171e-04  3.62500000e+01  6.20169600e-01  3.62500000e+01  3.04784229e-04  3.62500000e+01  6.19541700e-01  3.62500000e+01  3.13355345e-04 
 3.65000000e+01  1.35522400e+00  3.65000000e+01  2.57099171e-04  3.65000000e+01  6.20169600e-01  3.65000000e+01  3.04784229e-04  3.65000000e+01  6.19541700e-01  3.65000000e+01  3.13355345e-04 
 3.67500000e+01  1.35522400e+00  3.67500000e+01  2.57099171e-04  3.67500000e+01  6.20169600e-01  3.67500000e+01  3.04784229e-04  3.67500000e+01  6.19541700e-01  3.67500000e+01  3.13355345e-04 
 3.70000000e+01  1.35522400e+00  3.70000000e+01  2.57099171e-04  3.70000000e+01  6.20169600e-01  3.70000000e+01  3.04784229e-04  3.70000000e+01  6.19541700e-01  3.70000000e+01  3.13355345e-04 
 3.72500000e+01  1.35522400e+00  3.72500000e+01  2.57099171e-04  3.72500000e+01  6.20169600e-01  3.72500000e+01  3.04784229e-04  3.72500000e+01  6.19541700e-01  3.72500000e+01  3.13355345e-04 
 3.75000000e+01  1.35522400e+00  3.75000000e+01  2.57099171e-04  3.75000000e+01  6.20169600e-01  3.75000000e+01  3.04784229e-04  3.75000000e+01  6.19541700e-01  3.75000000e+01  3.13355345e-04 
 3.77500000e+01  1.35522400e+00  3.77500000e+01  2.57099171e-04  3.77500000e+01  6.20169600e-01  3.77500000e+01  3.04784229e-04  3.77500000e+01  6.19541700e-01  3.77500000e+01  3.13355345e-04 
 3.80000000e+01  1.35522400e+00  3.80000000e+01  2.57099171e-04  3.80000000e+01  6.20169600e-01  3.80000000e+01  3.04784229e-04  3.80000000e+01  6.19541700e-01  3.80000000e+01  3.13355345e-04 
 3.82500000e+01  1.35522400e+00  3.82500000e+01  2.57099171e-04  3.82500000e+01  6.20169600e-01  3.82500000e+01  3.04784229e-04  3.82500000e+01  6.19541700e-01  3.82500000e+01  3.13355345e-04 
 3.85000000e+01  1.35522400e+00  3.85000000e+01  2.57099171e-04  3.85000000e+01  6.20169600e-01  3.85000000e+01  3.04784229e-04  3.85000000e+01  6.19541700e-01  3.85000000e+01  3.13355345e-04 
 3.87500000e+01  1.35522400e+00  3.87500000e+01  2.57099171e-04  3.87500000e+01  6.20169600e-01  3.87500000e+01  3.04784229e-04  3.87500000e+01  6.19541700e-01  3.87500000e+01  3.13355345e-04 
 3.90000000e+01  1.35522400e+00  3.90000000e+01  2.57099171e-04  3.90000000e+01  6.20169600e-01  3.90000000e+01  3.04784229e-04  3.90000000e+01  6.19541700e-01  3.90000000e+01  3.13355345e-04 
 3.92500000e+01  1.35522400e+00  3.92500000e+01  2.57099171e-04  3.92500000e+01  6.20169600e-01  3.92500000e+01  3.04784229e-04  3.92500000e+01  6.19541700e-01  3.92500000e+01  3.13355345e-04 
 3.95000000e+01  1.35522400e+00  3.95000000e+01  2.57099171e-04  3.95000000e+01  6.20169600e-01  3.95000000e+01  3.04784229e-04  3.95000000e+01  6.19541700e-01  3.95000000e+01  3.13355345e-04 
 3.97500000e+01  1.35522400e+00  3.97500000e+01  2.57099171e-04  3.97500000e+01  6.20169600e-01  3.97500000e+01  3.04784229e-04  3.97500000e+01  6.19541700e-01  3.97500000e+01  3.13355345e-04 
 4.00000000e+01  1.35522400e+00  4.00000000e+01  2.57099171e-04  4.00000000e+01  6.20169600e-01  4.00000000e+01  3.04784229e-04  4.00000000e+01  6.19541700e-01  4.00000000e+01  3.13355345e-04 
 4.02500000e+01  1.35522400e+00  4.02500000e+01  2.57099171e-04  4.02500000e+01  6.20169600e-01  4.02500000e+01  3.04784229e-04  4.02500000e+01  6.19541700e-01  4.02500000e+01  3.13355345e-04 
 4.05000000e+01  1.35522400e+00  4.05000000e+01  2.57099171e-04  4.05000000e+01  6.20169600e-01  4.05000000e+01  3.04784229e-04  4.05000000e+01  6.19541700e-01  4.05000000e+01  3.13355345e-04 
 4.07500000e+01  1.35522400e+00  4.07500000e+01  2.57099171e-04  4.07500000e+01  6.20169600e-01  4.07500000e+01  3.04784229e-04  4.07500000e+01  6.19541700e-01  4.07500000e+01  3.13355345e-04 
 4.10000000e+01  1.35522400e+00  4.10000000e+01  2.57099171e-04  4.10000000e+01  6.20169600e-01  4.10000000e+01  3.04784229e-04  4.10000000e+01  6.19541700e-01  4.10000000e+01  3.13355345e-04 
 4.12500000e+01  1.35522400e+00  4.12500000e+01  2.57099171e-04  4.12500000e+01  6.20169600e-01  4.12500000e+01  3.04784229e-04  4.12500000e+01  6.19541700e-01  4.12500000e+01  3.13355345e-04 
 4.15000000e+01  1.35522400e+00  4.15000000e+01  2.57099171e-04  4.15000000e+01  6.20169600e-01  4.15000000e+01  3.04784229e-04  4.15000000e+01  6.19541700e-01  4.15000000e+01  3.13355345e-04 
 4.17500000e+01  1.35522400e+00  4.17500000e+01  2.57099171e-04  4.17500000e+01  6.20169600e-01  4.17500000e+01  3.04784229e-04  4.17500000e+01  6.19541700e-01  4.17500000e+01  3.13355345e-04 
 4.20000000e+01  1.35522400e+00  4.20000000e+01  2.57099171e-04  4.20000000e+01  6.20169600e-01  4.20000000e+01  3.04784229e-04  4.20000000e+01  6.19541700e-01  4.20000000e+01  3.13355345e-04 
 4.22500000e+01  1.35522400e+00  4.22500000e+01  2.57099171e-04  4.22500000e+01  6.20169600e-01  4.22500000e+01  3.04784229e-04  4.22500000e+01  6.19541700e-01  4.22500000e+01  3.13355345e-04 
 4.25000000e+01  1.35522400e+00  4.25000000e+01  2.57099171e-04  4.25000000e+01  6.20169600e-01  4.25000000e+01  3.04784229e-04  4.25000000e+01  6.19541700e-01  4.25000000e+01  3.13355345e-04 
 4.27500000e+01  1.35522400e+00  4.27500000e+01  2.57099171e-04  4.27500000e+01  6.20169600e-01  4.27500000e+01  3.04784229e-04  4.27500000e+01  6.19541700e-01  4.27500000e+01  3.13355345e-04 
 4.30000000e+01  1.35522400e+00  4.30000000e+01  2.57099171e-04  4.30000000e+01  6.20169600e-01  4.30000000e+01  3.04784229e-04  4.30000000e+01  6.19541700e-01  4.30000000e+01  3.13355345e-04 
 4.32500000e+01  1.35522400e+00  4.32500000e+01  2.57099171e-04  4.32500000e+01  6.20169600e-01  4.32500000e+01  3.04784229e-04  4.32500000e+01  6.19541700e-01  4.32500000e+01  3.13355345e-04 
 4.35000000e+01  1.35522400e+00  4.35000000e+01  2.57099171e-04  4.35000000e+01  6.20169600e-01  4.35000000e+01  3.04784229e-04  4.35000000e+01  6.19541700e-01  4.35000000e+01  3.13355345e-04 
 4.37500000e+01  1.35522400e+00  4.37500000e+01  2.57099171e-04  4.37500000e+01  6.20169600e-01  4.37500000e+01  3.04784229e-04  4.37500000e+01  6.19541700e-01  4.37500000e+01  3.13355345e-04 
 4.40000000e+01  1.35522400e+00  4.40000000e+01  2.57099171e-04  4.40000000e+01  6.20169600e-01  4.40000000e+01  3.04784229e-04  4.40000000e+01  6.19541700e-01  4.40000000e+01  3.13355345e-04 
 4.42500000e+01  1.35522400e+00  4.42500000e+01  2.57099171e-04  4.42500000e+01  6.20169600e-01  4.42500000e+01  3.04784229e-04  4.42500000e+01  6.19541700e-01  4.42500000e+01  3.13355345e-04 
 4.45000000e+01  1.35522400e+00  4.45000000e+01  2.57099171e-04  4.45000000e+01  6.20169600e-01  4.45000000e+01  3.04784229e-04  4.45000000e+01  6.19541700e-01  4.45000000e+01  3.13355345e-04 
 4.47500000e+01  1.35522400e+00  4.47500000e+01  2.57099171e-04  4.47500000e+01  6.20169600e-01  4.47500000e+01  3.04784229e-04  4.47500000e+01  6.19541700e-01  4.47500000e+01  3.13355345e-04 
 4.50000000e+01  1.35522400e+00  4.50000000e+01  2.57099171e-04  4.50000000e+01  6.20169600e-01  4.50000000e+01  3.04784229e-04  4.50000000e+01  6.19541700e-01  4.50000000e+01  3.13355345e-04 
 4.52500000e+01  1.35522400e+00  4.52500000e+01  2.57099171e-04  4.52500000e+01  6.20169600e-01  4.52500000e+01  3.04784229e-04  4.52500000e+01  6.19541700e-01  4.52500000e+01  3.13355345e-04 
 4.55000000e+01  1.35522400e+00  4.55000000e+01  2.57099171e-04  4.55000000e+01  6.20169600e-01  4.55000000e+01  3.04784229e-04  4.55000000e+01  6.19541700e-01  4.55000000e+01  3.13355345e-04 
 4.57500000e+01  1.35522400e+00  4.57500000e+01  2.57099171e-04  4.57500000e+01  6.20169600e-01  4.57500000e+01  3.04784229e-04  4.57500000e+01  6.19541700e-01  4.57500000e+01  3.13355345e-04 
 4.60000000e+01  1.35522400e+00  4.60000000e+01  2.57099171e-04  4.60000000e+01  6.20169600e-01  4.60000000e+01  3.04784229e-04  4.60000000e+01  6.19541700e-01  4.60000000e+01  3.13355345e-04 
 4.62500000e+01  1.35522400e+00  4.62500000e+01  2.57099171e-04  4.62500000e+01  6.20169600e-01  4.62500000e+01  3.04784229e-04  4.62500000e+01  6.19541700e-01  4.62500000e+01  3.13355345e-04 
 4.65000000e+01  1.35522400e+00  4.65000000e+01  2.57099171e-04  4.65000000e+01  6.20169600e-01  4.65000000e+01  3.04784229e-04  4.65000000e+01  6.19541700e-01  4.65000000e+01  3.13355345e-04 
 4.67500000e+01  1.35522400e+00  4.67500000e+01  2.57099171e-04  4.67500000e+01  6.20169600e-01  4.67500000e+01  3.04784229e-04  4.67500000e+01  6.19541700e-01  4.67500000e+01  3.13355345e-04 
 4.70000000e+01  1.35522400e+00  4.70000000e+01  2.57099171e-04  4.70000000e+01  6.20169600e-01  4.70000000e+01  3.04784229e-04  4.70000000e+01  6.19541700e-01  4.70000000e+01  3.13355345e-04 
 4.72500000e+01  1.35522400e+00  4.72500000e+01  2.57099171e-04  4.72500000e+01  6.20169600e-01  4.72500000e+01  3.04784229e-04  4.72500000e+01  6.19541700e-01  4.72500000e+01  3.13355345e-04 
 4.75000000e+01  1.35522400e+00  4.75000000e+01  2.57099171e-04  4.75000000e+01  6.20169600e-01  4.75000000e+01  3.04784229e-04  4.75000000e+01  6.19541700e-01  4.75000000e+01  3.13355345e-04 
 4.77500000e+01  1.35522400e+00  4.77500000e+01  2.57099171e-04  4.77500000e+01  6.20169600e-01  4.77500000e+01  3.04784229e-04  4.77500000e+01  6.19541700e-01  4.77500000e+01  3.13355345e-04 
 4.80000000e+01  1.35522400e+00  4.80000000e+01  2.57099171e-04  4.80000000e+01  6.20169600e-01  4.80000000e+01  3.04784229e-04  4.80000000e+01  6.19541700e-01  4.80000000e+01  3.13355345e-04 
 4.82500000e+01  1.35522400e+00  4.82500000e+01  2.57099171e-04  4.82500000e+01  6.20169600e-01  4.82500000e+01  3.04784229e-04  4.82500000e+01  6.19541700e-01  4.82500000e+01  3.13355345e-04 
 4.85000000e+01  1.35522400e+00  4.85000000e+01  2.57099171e-04  4.85000000e+01  6.20169600e-01  4.85000000e+01  3.04784229e-04  4.85000000e+01  6.19541700e-01  4.85000000e+01  3.13355345e-04 
 4.87500000e+01  1.35522400e+00  4.87500000e+01  2.57099171e-04  4.87500000e+01  6.20169600e-01  4.87500000e+01  3.04784229e-04  4.87500000e+01  6.19541700e-01  4.87500000e+01  3.13355345e-04 
 4.90000000e+01  1.35522400e+00  4.90000000e+01  2.57099171e-04  4.90000000e+01  6.20169600e-01  4.90000000e+01  3.04784229e-04  4.90000000e+01  6.19541700e-01  4.90000000e+01  3.13355345e-04 
 4.92500000e+01  1.35522400e+00  4.92500000e+01  2.57099171e-04  4.92500000e+01  6.20169600e-01  4.92500000e+01  3.04784229e-04  4.92500000e+01  6.19541700e-01  4.92500000e+01  3.13355345e-04 
 4.95000000e+01  1.35522400e+00  4.95000000e+01  2.57099171e-04  4.95000000e+01  6.20169600e-01  4.95000000e+01  3.04784229e-04  4.95000000e+01  6.19541700e-01  4.95000000e+01  3.13355345e-04 
 4.97500000e+01  1.35522400e+00  4.97500000e+01  2.57099171e-04  4.97500000e+01  6.20169600e-01  4.97500000e+01  3.04784229e-04  4.97500000e+01  6.19541700e-01  4.97500000e+01  3.13355345e-04 
 5.00000000e+01  1.35522400e+00  5.00000000e+01  2.57099171e-04  5.00000000e+01  6.20169600e-01  5.00000000e+01  3.04784229e-04  5.00000000e+01  6.19541700e-01  5.00000000e+01  3.13355345e-04 
 5.02500000e+01  1.35522400e+00  5.02500000e+01  2.57099171e-04  5.02500000e+01  6.20169600e-01  5.02500000e+01  3.04784229e-04  5.02500000e+01  6.19541700e-01  5.02500000e+01  3.13355345e-04 
 5.05000000e+01  1.35522400e+00  5.05000000e+01  2.57099171e-04  5.05000000e+01  6.20169600e-01  5.05000000e+01  3.04784229e-04  5.05000000e+01  6.19541700e-01  5.05000000e+01  3.13355345e-04 
 5.07500000e+01  1.35522400e+00  5.07500000e+01  2.57099171e-04  5.07500000e+01  6.20169600e-01  5.07500000e+01  3.04784229e-04  5.07500000e+01  6.19541700e-01  5.07500000e+01  3.13355345e-04 
 5.10000000e+01  1.35522400e+00  5.10000000e+01  2.57099171e-04  5.10000000e+01  6.20169600e-01  5.10000000e+01  3.04784229e-04  5.10000000e+01  6.19541700e-01  5.10000000e+01  3.13355345e-04 
 5.12500000e+01  1.35522400e+00  5.12500000e+01  2.57099171e-04  5.12500000e+01  6.20169600e-01  5.12500000e+01  3.04784229e-04  5.12500000e+01  6.19541700e-01  5.12500000e+01  3.13355345e-04 
 5.15000000e+01  1.35522400e+00  5.15000000e+01  2.57099171e-04  5.15000000e+01  6.20169600e-01  5.15000000e+01  3.04784229e-04  5.15000000e+01  6.19541700e-01  5.15000000e+01  3.13355345e-04 
 5.17500000e+01  1.35522400e+00  5.17500000e+01  2.57099171e-04  5.17500000e+01  6.20169600e-01  5.17500000e+01  3.04784229e-04  5.17500000e+01  6.19541700e-01  5.17500000e+01  3.13355345e-04 
 5.20000000e+01  1.35522400e+00  5.20000000e+01  2.57099171e-04  5.20000000e+01  6.20169600e-01  5.20000000e+01  3.04784229e-04  5.20000000e+01  6.19541700e-01  5.20000000e+01  3.13355345e-04 
 5.22500000e+01  1.35522400e+00  5.22500000e+01  2.57099171e-04  5.22500000e+01  6.20169600e-01  5.22500000e+01  3.04784229e-04  5.22500000e+01  6.19541700e-01  5.22500000e+01  3.13355345e-04 
 5.25000000e+01  1.35522400e+00  5.25000000e+01  2.57099171e-04  5.25000000e+01  6.20169600e-01  5.25000000e+01  3.04784229e-04  5.25000000e+01  6.19541700e-01  5.25000000e+01  3.13355345e-04 
 5.27500000e+01  1.35522400e+00  5.27500000e+01  2.57099171e-04  5.27500000e+01  6.20169600e-01  5.27500000e+01  3.04784229e-04  5.27500000e+01  6.19541700e-01  5.27500000e+01  3.13355345e-04 
 5.30000000e+01  1.35522400e+00  5.30000000e+01  2.57099171e-04  5.30000000e+01  6.20169600e-01  5.30000000e+01  3.04784229e-04  5.30000000e+01  6.19541700e-01  5.30000000e+01  3.13355345e-04 
 5.32500000e+01  1.35522400e+00  5.32500000e+01  2.57099171e-04  5.32500000e+01  6.20169600e-01  5.32500000e+01  3.04784229e-04  5.32500000e+01  6.19541700e-01  5.32500000e+01  3.13355345e-04 
 5.35000000e+01  1.35522400e+00  5.35000000e+01  2.57099171e-04  5.35000000e+01  6.20169600e-01  5.35000000e+01  3.04784229e-04  5.35000000e+01  6.19541700e-01  5.35000000e+01  3.13355345e-04 
 5.37500000e+01  1.35522400e+00  5.37500000e+01  2.57099171e-04  5.37500000e+01  6.20169600e-01  5.37500000e+01  3.04784229e-04  5.37500000e+01  6.19541700e-01  5.37500000e+01  3.13355345e-04 
 5.40000000e+01  1.35522400e+00  5.40000000e+01  2.57099171e-04  5.40000000e+01  6.20169600e-01  5.40000000e+01  3.04784229e-04  5.40000000e+01  6.19541700e-01  5.40000000e+01  3.13355345e-04 
 5.42500000e+01  1.35522400e+00  5.42500000e+01  2.57099171e-04  5.42500000e+01  6.20169600e-01  5.42500000e+01  3.04784229e-04  5.42500000e+01  6.19541700e-01  5.42500000e+01  3.13355345e-04 
 5.45000000e+01  1.35522400e+00  5.45000000e+01  2.57099171e-04  5.45000000e+01  6.20169600e-01  5.45000000e+01  3.04784229e-04  5.45000000e+01  6.19541700e-01  5.45000000e+01  3.13355345e-04 
 5.47500000e+01  1.35522400e+00  5.47500000e+01  2.57099171e-04  5.47500000e+01  6.20169600e-01  5.47500000e+01  3.04784229e-04  5.47500000e+01  6.19541700e-01  5.47500000e+01  3.13355345e-04 
 5.50000000e+01  1.35522400e+00  5.50000000e+01  2.57099171e-04  5.50000000e+01  6.20169600e-01  5.50000000e+01  3.04784229e-04  5.50000000e+01  6.19541700e-01  5.50000000e+01  3.13355345e-04 
 5.52500000e+01  1.35522400e+00  5.52500000e+01  2.57099171e-04  5.52500000e+01  6.20169600e-01  5.52500000e+01  3.04784229e-04  5.52500000e+01  6.19541700e-01  5.52500000e+01  3.13355345e-04 
 5.55000000e+01  1.35522400e+00  5.55000000e+01  2.57099171e-04  5.55000000e+01  6.20169600e-01  5.55000000e+01  3.04784229e-04  5.55000000e+01  6.19541700e-01  5.55000000e+01  3.13355345e-04 
 5.57500000e+01  1.35522400e+00  5.57500000e+01  2.57099171e-04  5.57500000e+01  6.20169600e-01  5.57500000e+01  3.04784229e-04  5.57500000e+01  6.19541700e-01  5.57500000e+01  3.13355345e-04 
 5.60000000e+01  1.35522400e+00  5.60000000e+01  2.57099171e-04  5.60000000e+01  6.20169600e-01  5.60000000e+01  3.04784229e-04  5.60000000e+01  6.19541700e-01  5.60000000e+01  3.13355345e-04 
 5.62500000e+01  1.35522400e+00  5.62500000e+01  2.57099171e-04  5.62500000e+01  6.20169600e-01  5.62500000e+01  3.04784229e-04  5.62500000e+01  6.19541700e-01  5.62500000e+01  3.13355345e-04 
 5.65000000e+01  1.35522400e+00  5.65000000e+01  2.57099171e-04  5.65000000e+01  6.20169600e-01  5.65000000e+01  3.04784229e-04  5.65000000e+01  6.19541700e-01  5.65000000e+01  3.13355345e-04 
 5.67500000e+01  1.35522400e+00  5.67500000e+01  2.57099171e-04  5.67500000e+01  6.20169600e-01  5.67500000e+01  3.04784229e-04  5.67500000e+01  6.19541700e-01  5.67500000e+01  3.13355345e-04 
 5.70000000e+01  1.35522400e+00  5.70000000e+01  2.57099171e-04  5.70000000e+01  6.20169600e-01  5.70000000e+01  3.04784229e-04  5.70000000e+01  6.19541700e-01  5.70000000e+01  3.13355345e-04 
 5.72500000e+01  1.35522400e+00  5.72500000e+01  2.57099171e-04  5.72500000e+01  6.20169600e-01  5.72500000e+01  3.04784229e-04  5.72500000e+01  6.19541700e-01  5.72500000e+01  3.13355345e-04 
 5.75000000e+01  1.35522400e+00  5.75000000e+01  2.57099171e-04  5.75000000e+01  6.20169600e-01  5.75000000e+01  3.04784229e-04  5.75000000e+01  6.19541700e-01  5.75000000e+01  3.13355345e-04 
 5.77500000e+01  1.35522400e+00  5.77500000e+01  2.57099171e-04  5.77500000e+01  6.20169600e-01  5.77500000e+01  3.04784229e-04  5.77500000e+01  6.19541700e-01  5.77500000e+01  3.13355345e-04 
 5.80000000e+01  1.35522400e+00  5.80000000e+01  2.57099171e-04  5.80000000e+01  6.20169600e-01  5.80000000e+01  3.04784229e-04  5.80000000e+01  6.19541700e-01  5.80000000e+01  3.13355345e-04 
 5.82500000e+01  1.35522400e+00  5.82500000e+01  2.57099171e-04  5.82500000e+01  6.20169600e-01  5.82500000e+01  3.04784229e-04  5.82500000e+01  6.19541700e-01  5.82500000e+01  3.13355345e-04 
 5.85000000e+01  1.35522400e+00  5.85000000e+01  2.57099171e-04  5.85000000e+01  6.20169600e-01  5.85000000e+01  3.04784229e-04  5.85000000e+01  6.19541700e-01  5.85000000e+01  3.13355345e-04 
 5.87500000e+01  1.35522400e+00  5.87500000e+01  2.57099171e-04  5.87500000e+01  6.20169600e-01  5.87500000e+01  3.04784229e-04  5.87500000e+01  6.19541700e-01  5.87500000e+01  3.13355345e-04 
 5.90000000e+01  1.35522400e+00  5.90000000e+01  2.57099171e-04  5.90000000e+01  6.20169600e-01  5.90000000e+01  3.04784229e-04  5.90000000e+01  6.19541700e-01  5.90000000e+01  3.13355345e-04 
 5.92500000e+01  1.35522400e+00  5.92500000e+01  2.57099171e-04  5.92500000e+01  6.20169600e-01  5.92500000e+01  3.04784229e-04  5.92500000e+01  6.19541700e-01  5.92500000e+01  3.13355345e-04 
 5.95000000e+01  1.35522400e+00  5.95000000e+01  2.57099171e-04  5.95000000e+01  6.20169600e-01  5.95000000e+01  3.04784229e-04  5.95000000e+01  6.19541700e-01  5.95000000e+01  3.13355345e-04 
 5.97500000e+01  1.35522400e+00  5.97500000e+01  2.57099171e-04  5.97500000e+01  6.20169600e-01  5.97500000e+01  3.04784229e-04  5.97500000e+01  6.19541700e-01  5.97500000e+01  3.13355345e-04 
 6.00000000e+01  1.35522400e+00  6.00000000e+01  2.57099171e-04  6.00000000e+01  6.20169600e-01  6.00000000e+01  3.04784229e-04  6.00000000e+01  6.19541700e-01  6.00000000e+01  3.13355345e-04 
 6.02500000e+01  1.35522400e+00  6.02500000e+01  2.57099171e-04  6.02500000e+01  6.20169600e-01  6.02500000e+01  3.04784229e-04  6.02500000e+01  6.19541700e-01  6.02500000e+01  3.13355345e-04 
 6.05000000e+01  1.35522400e+00  6.05000000e+01  2.57099171e-04  6.05000000e+01  6.20169600e-01  6.05000000e+01  3.04784229e-04  6.05000000e+01  6.19541700e-01  6.05000000e+01  3.13355345e-04 
 6.07500000e+01  1.35522400e+00  6.07500000e+01  2.57099171e-04  6.07500000e+01  6.20169600e-01  6.07500000e+01  3.04784229e-04  6.07500000e+01  6.19541700e-01  6.07500000e+01  3.13355345e-04 
 6.10000000e+01  1.35522400e+00  6.10000000e+01  2.57099171e-04  6.10000000e+01  6.20169600e-01  6.10000000e+01  3.04784229e-04  6.10000000e+01  6.19541700e-01  6.10000000e+01  3.13355345e-04 
 6.12500000e+01  1.35522400e+00  6.12500000e+01  2.57099171e-04  6.12500000e+01  6.20169600e-01  6.12500000e+01  3.04784229e-04  6.12500000e+01  6.19541700e-01  6.12500000e+01  3.13355345e-04 
 6.15000000e+01  1.35522400e+00  6.15000000e+01  2.57099171e-04  6.15000000e+01  6.20169600e-01  6.15000000e+01  3.04784229e-04  6.15000000e+01  6.19541700e-01  6.15000000e+01  3.13355345e-04 
 6.17500000e+01  1.35522400e+00  6.17500000e+01  2.57099171e-04  6.17500000e+01  6.20169600e-01  6.17500000e+01  3.04784229e-04  6.17500000e+01  6.19541700e-01  6.17500000e+01  3.13355345e-04 
 6.20000000e+01  1.35522400e+00  6.20000000e+01  2.57099171e-04  6.20000000e+01  6.20169600e-01  6.20000000e+01  3.04784229e-04  6.20000000e+01  6.19541700e-01  6.20000000e+01  3.13355345e-04 
 6.22500000e+01  1.35522400e+00  6.22500000e+01  2.57099171e-04  6.22500000e+01  6.20169600e-01  6.22500000e+01  3.04784229e-04  6.22500000e+01  6.19541700e-01  6.22500000e+01  3.13355345e-04 
 6.25000000e+01  1.35522400e+00  6.25000000e+01  2.57099171e-04  6.25000000e+01  6.20169600e-01  6.25000000e+01  3.04784229e-04  6.25000000e+01  6.19541700e-01  6.25000000e+01  3.13355345e-04 
 6.27500000e+01  1.35522400e+00  6.27500000e+01  2.57099171e-04  6.27500000e+01  6.20169600e-01  6.27500000e+01  3.04784229e-04  6.27500000e+01  6.19541700e-01  6.27500000e+01  3.13355345e-04 
 6.30000000e+01  1.35522400e+00  6.30000000e+01  2.57099171e-04  6.30000000e+01  6.20169600e-01  6.30000000e+01  3.04784229e-04  6.30000000e+01  6.19541700e-01  6.30000000e+01  3.13355345e-04 
 6.32500000e+01  1.35522400e+00  6.32500000e+01  2.57099171e-04  6.32500000e+01  6.20169600e-01  6.32500000e+01  3.04784229e-04  6.32500000e+01  6.19541700e-01  6.32500000e+01  3.13355345e-04 
 6.35000000e+01  1.35522400e+00  6.35000000e+01  2.57099171e-04  6.35000000e+01  6.20169600e-01  6.35000000e+01  3.04784229e-04  6.35000000e+01  6.19541700e-01  6.35000000e+01  3.13355345e-04 
 6.37500000e+01  1.35522400e+00  6.37500000e+01  2.57099171e-04  6.37500000e+01  6.20169600e-01  6.37500000e+01  3.04784229e-04  6.37500000e+01  6.19541700e-01  6.37500000e+01  3.13355345e-04 
 6.40000000e+01  1.35522400e+00  6.40000000e+01  2.57099171e-04  6.40000000e+01  6.20169600e-01  6.40000000e+01  3.04784229e-04  6.40000000e+01  6.19541700e-01  6.40000000e+01  3.13355345e-04 
 6.42500000e+01  1.35522400e+00  6.42500000e+01  2.57099171e-04  6.42500000e+01  6.20169600e-01  6.42500000e+01  3.04784229e-04  6.42500000e+01  6.19541700e-01  6.42500000e+01  3.13355345e-04 
 6.45000000e+01  1.35522400e+00  6.45000000e+01  2.57099171e-04  6.45000000e+01  6.20169600e-01  6.45000000e+01  3.04784229e-04  6.45000000e+01  6.19541700e-01  6.45000000e+01  3.13355345e-04 
 6.47500000e+01  1.35522400e+00  6.47500000e+01  2.57099171e-04  6.47500000e+01  6.20169600e-01  6.47500000e+01  3.04784229e-04  6.47500000e+01  6.19541700e-01  6.47500000e+01  3.13355345e-04 
 6.50000000e+01  1.35522400e+00  6.50000000e+01  2.57099171e-04  6.50000000e+01  6.20169600e-01  6.50000000e+01  3.04784229e-04  6.50000000e+01  6.19541700e-01  6.50000000e+01  3.13355345e-04 
 6.52500000e+01  1.35522400e+00  6.52500000e+01  2.57099171e-04  6.52500000e+01  6.20169600e-01  6.52500000e+01  3.04784229e-04  6.52500000e+01  6.19541700e-01  6.52500000e+01  3.13355345e-04 
 6.55000000e+01  1.35522400e+00  6.55000000e+01  2.57099171e-04  6.55000000e+01  6.20169600e-01  6.55000000e+01  3.04784229e-04  6.55000000e+01  6.19541700e-01  6.55000000e+01  3.13355345e-04 
 6.57500000e+01  1.35522400e+00  6.57500000e+01  2.57099171e-04  6.57500000e+01  6.20169600e-01  6.57500000e+01  3.04784229e-04  6.57500000e+01  6.19541700e-01  6.57500000e+01  3.13355345e-04 
 6.60000000e+01  1.35522400e+00  6.60000000e+01  2.57099171e-04  6.60000000e+01  6.20169600e-01  6.60000000e+01  3.04784229e-04  6.60000000e+01  6.19541700e-01  6.60000000e+01  3.13355345e-04 
 6.62500000e+01  1.35522400e+00  6.62500000e+01  2.57099171e-04  6.62500000e+01  6.20169600e-01  6.62500000e+01  3.04784229e-04  6.62500000e+01  6.19541700e-01  6.62500000e+01  3.13355345e-04 
 6.65000000e+01  1.35522400e+00  6.65000000e+01  2.57099171e-04  6.65000000e+01  6.20169600e-01  6.65000000e+01  3.04784229e-04  6.65000000e+01  6.19541700e-01  6.65000000e+01  3.13355345e-04 
 6.67500000e+01  1.35522400e+00  6.67500000e+01  2.57099171e-04  6.67500000e+01  6.20169600e-01  6.67500000e+01  3.04784229e-04  6.67500000e+01  6.19541700e-01  6.67500000e+01  3.13355345e-04 
 6.70000000e+01  1.35522400e+00  6.70000000e+01  2.57099171e-04  6.70000000e+01  6.20169600e-01  6.70000000e+01  3.04784229e-04  6.70000000e+01  6.19541700e-01  6.70000000e+01  3.13355345e-04 
 6.72500000e+01  1.35522400e+00  6.72500000e+01  2.57099171e-04  6.72500000e+01  6.20169600e-01  6.72500000e+01  3.04784229e-04  6.72500000e+01  6.19541700e-01  6.72500000e+01  3.13355345e-04 
 6.75000000e+01  1.35522400e+00  6.75000000e+01  2.57099171e-04  6.75000000e+01  6.20169600e-01  6.75000000e+01  3.04784229e-04  6.75000000e+01  6.19541700e-01  6.75000000e+01  3.13355345e-04 
 6.77500000e+01  1.35522400e+00  6.77500000e+01  2.57099171e-04  6.77500000e+01  6.20169600e-01  6.77500000e+01  3.04784229e-04  6.77500000e+01  6.19541700e-01  6.77500000e+01  3.13355345e-04 
 6.80000000e+01  1.35522400e+00  6.80000000e+01  2.57099171e-04  6.80000000e+01  6.20169600e-01  6.80000000e+01  3.04784229e-04  6.80000000e+01  6.19541700e-01  6.80000000e+01  3.13355345e-04 
 6.82500000e+01  1.35522400e+00  6.82500000e+01  2.57099171e-04  6.82500000e+01  6.20169600e-01  6.82500000e+01  3.04784229e-04  6.82500000e+01  6.19541700e-01  6.82500000e+01  3.13355345e-04 
 6.85000000e+01  1.35522400e+00  6.85000000e+01  2.57099171e-04  6.85000000e+01  6.20169600e-01  6.85000000e+01  3.04784229e-04  6.85000000e+01  6.19541700e-01  6.85000000e+01  3.13355345e-04 
 6.87500000e+01  1.35522400e+00  6.87500000e+01  2.57099171e-04  6.87500000e+01  6.20169600e-01  6.87500000e+01  3.04784229e-04  6.87500000e+01  6.19541700e-01  6.87500000e+01  3.13355345e-04 
 6.90000000e+01  1.35522400e+00  6.90000000e+01  2.57099171e-04  6.90000000e+01  6.20169600e-01  6.90000000e+01  3.04784229e-04  6.90000000e+01  6.19541700e-01  6.90000000e+01  3.13355345e-04 
 6.92500000e+01  1.35522400e+00  6.92500000e+01  2.57099171e-04  6.92500000e+01  6.20169600e-01  6.92500000e+01  3.04784229e-04  6.92500000e+01  6.19541700e-01  6.92500000e+01  3.13355345e-04 
 6.95000000e+01  1.35522400e+00  6.95000000e+01  2.57099171e-04  6.95000000e+01  6.20169600e-01  6.95000000e+01  3.04784229e-04  6.95000000e+01  6.19541700e-01  6.95000000e+01  3.13355345e-04 
 6.97500000e+01  1.35522400e+00  6.97500000e+01  2.57099171e-04  6.97500000e+01  6.20169600e-01  6.97500000e+01  3.04784229e-04  6.97500000e+01  6.19541700e-01  6.97500000e+01  3.13355345e-04 
 7.00000000e+01  1.35522400e+00  7.00000000e+01  2.57099171e-04  7.00000000e+01  6.20169600e-01  7.00000000e+01  3.04784229e-04  7.00000000e+01  6.19541700e-01  7.00000000e+01  3.13355345e-04 
 7.02500000e+01  1.35522400e+00  7.02500000e+01  2.57099171e-04  7.02500000e+01  6.20169600e-01  7.02500000e+01  3.04784229e-04  7.02500000e+01  6.19541700e-01  7.02500000e+01  3.13355345e-04 
 7.05000000e+01  1.35522400e+00  7.05000000e+01  2.57099171e-04  7.05000000e+01  6.20169600e-01  7.05000000e+01  3.04784229e-04  7.05000000e+01  6.19541700e-01  7.05000000e+01  3.13355345e-04 
 7.07500000e+01  1.35522400e+00  7.07500000e+01  2.57099171e-04  7.07500000e+01  6.20169600e-01  7.07500000e+01  3.04784229e-04  7.07500000e+01  6.19541700e-01  7.07500000e+01  3.13355345e-04 
 7.10000000e+01  1.35522400e+00  7.10000000e+01  2.57099171e-04  7.10000000e+01  6.20169600e-01  7.10000000e+01  3.04784229e-04  7.10000000e+01  6.19541700e-01  7.10000000e+01  3.13355345e-04 
 7.12500000e+01  1.35522400e+00  7.12500000e+01  2.57099171e-04  7.12500000e+01  6.20169600e-01  7.12500000e+01  3.04784229e-04  7.12500000e+01  6.19541700e-01  7.12500000e+01  3.13355345e-04 
 7.15000000e+01  1.35522400e+00  7.15000000e+01  2.57099171e-04  7.15000000e+01  6.20169600e-01  7.15000000e+01  3.04784229e-04  7.15000000e+01  6.19541700e-01  7.15000000e+01  3.13355345e-04 
 7.17500000e+01  1.35522400e+00  7.17500000e+01  2.57099171e-04  7.17500000e+01  6.20169600e-01  7.17500000e+01  3.04784229e-04  7.17500000e+01  6.19541700e-01  7.17500000e+01  3.13355345e-04 
 7.20000000e+01  1.35522400e+00  7.20000000e+01  2.57099171e-04  7.20000000e+01  6.20169600e-01  7.20000000e+01  3.04784229e-04  7.20000000e+01  6.19541700e-01  7.20000000e+01  3.13355345e-04 
 7.22500000e+01  1.35522400e+00  7.22500000e+01  2.57099171e-04  7.22500000e+01  6.20169600e-01  7.22500000e+01  3.04784229e-04  7.22500000e+01  6.19541700e-01  7.22500000e+01  3.13355345e-04 
 7.25000000e+01  1.35522400e+00  7.25000000e+01  2.57099171e-04  7.25000000e+01  6.20169600e-01  7.25000000e+01  3.04784229e-04  7.25000000e+01  6.19541700e-01  7.25000000e+01  3.13355345e-04 
 7.27500000e+01  1.35522400e+00  7.27500000e+01  2.57099171e-04  7.27500000e+01  6.20169600e-01  7.27500000e+01  3.04784229e-04  7.27500000e+01  6.19541700e-01  7.27500000e+01  3.13355345e-04 
 7.30000000e+01  1.35522400e+00  7.30000000e+01  2.57099171e-04  7.30000000e+01  6.20169600e-01  7.30000000e+01  3.04784229e-04  7.30000000e+01  6.19541700e-01  7.30000000e+01  3.13355345e-04 
 7.32500000e+01  1.35522400e+00  7.32500000e+01  2.57099171e-04  7.32500000e+01  6.20169600e-01  7.32500000e+01  3.04784229e-04  7.32500000e+01  6.19541700e-01  7.32500000e+01  3.13355345e-04 
 7.35000000e+01  1.35522400e+00  7.35000000e+01  2.57099171e-04  7.35000000e+01  6.20169600e-01  7.35000000e+01  3.04784229e-04  7.35000000e+01  6.19541700e-01  7.35000000e+01  3.13355345e-04 
 7.37500000e+01  1.35522400e+00  7.37500000e+01  2.57099171e-04  7.37500000e+01  6.20169600e-01  7.37500000e+01  3.04784229e-04  7.37500000e+01  6.19541700e-01  7.37500000e+01  3.13355345e-04 
 7.40000000e+01  1.35522400e+00  7.40000000e+01  2.57099171e-04  7.40000000e+01  6.20169600e-01  7.40000000e+01  3.04784229e-04  7.40000000e+01  6.19541700e-01  7.40000000e+01  3.13355345e-04 
 7.42500000e+01  1.35522400e+00  7.42500000e+01  2.57099171e-04  7.42500000e+01  6.20169600e-01  7.42500000e+01  3.04784229e-04  7.42500000e+01  6.19541700e-01  7.42500000e+01  3.13355345e-04 
 7.45000000e+01  1.35522400e+00  7.45000000e+01  2.57099171e-04  7.45000000e+01  6.20169600e-01  7.45000000e+01  3.04784229e-04  7.45000000e+01  6.19541700e-01  7.45000000e+01  3.13355345e-04 
 7.47500000e+01  1.35522400e+00  7.47500000e+01  2.57099171e-04  7.47500000e+01  6.20169600e-01  7.47500000e+01  3.04784229e-04  7.47500000e+01  6.19541700e-01  7.47500000e+01  3.13355345e-04 
 7.50000000e+01  1.35522400e+00  7.50000000e+01  2.57099171e-04  7.50000000e+01  6.20169600e-01  7.50000000e+01  3.04784229e-04  7.50000000e+01  6.19541700e-01  7.50000000e+01  3.13355345e-04 
 7.52500000e+01  1.35522400e+00  7.52500000e+01  2.57099171e-04  7.52500000e+01  6.20169600e-01  7.52500000e+01  3.04784229e-04  7.52500000e+01  6.19541700e-01  7.52500000e+01  3.13355345e-04 
 7.55000000e+01  1.35522400e+00  7.55000000e+01  2.57099171e-04  7.55000000e+01  6.20169600e-01  7.55000000e+01  3.04784229e-04  7.55000000e+01  6.19541700e-01  7.55000000e+01  3.13355345e-04 
 7.57500000e+01  1.35522400e+00  7.57500000e+01  2.57099171e-04  7.57500000e+01  6.20169600e-01  7.57500000e+01  3.04784229e-04  7.57500000e+01  6.19541700e-01  7.57500000e+01  3.13355345e-04 
 7.60000000e+01  1.35522400e+00  7.60000000e+01  2.57099171e-04  7.60000000e+01  6.20169600e-01  7.60000000e+01  3.04784229e-04  7.60000000e+01  6.19541700e-01  7.60000000e+01  3.13355345e-04 
 7.62500000e+01  1.35522400e+00  7.62500000e+01  2.57099171e-04  7.62500000e+01  6.20169600e-01  7.62500000e+01  3.04784229e-04  7.62500000e+01  6.19541700e-01  7.62500000e+01  3.13355345e-04 
 7.65000000e+01  1.35522400e+00  7.65000000e+01  2.57099171e-04  7.65000000e+01  6.20169600e-01  7.65000000e+01  3.04784229e-04  7.65000000e+01  6.19541700e-01  7.65000000e+01  3.13355345e-04 
 7.67500000e+01  1.35522400e+00  7.67500000e+01  2.57099171e-04  7.67500000e+01  6.20169600e-01  7.67500000e+01  3.04784229e-04  7.67500000e+01  6.19541700e-01  7.67500000e+01  3.13355345e-04 
 7.70000000e+01  1.35522400e+00  7.70000000e+01  2.57099171e-04  7.70000000e+01  6.20169600e-01  7.70000000e+01  3.04784229e-04  7.70000000e+01  6.19541700e-01  7.70000000e+01  3.13355345e-04 
 7.72500000e+01  1.35522400e+00  7.72500000e+01  2.57099171e-04  7.72500000e+01  6.20169600e-01  7.72500000e+01  3.04784229e-04  7.72500000e+01  6.19541700e-01  7.72500000e+01  3.13355345e-04 
 7.75000000e+01  1.35522400e+00  7.75000000e+01  2.57099171e-04  7.75000000e+01  6.20169600e-01  7.75000000e+01  3.04784229e-04  7.75000000e+01  6.19541700e-01  7.75000000e+01  3.13355345e-04 
 7.77500000e+01  1.35522400e+00  7.77500000e+01  2.57099171e-04  7.77500000e+01  6.20169600e-01  7.77500000e+01  3.04784229e-04  7.77500000e+01  6.19541700e-01  7.77500000e+01  3.13355345e-04 
 7.80000000e+01  1.35522400e+00  7.80000000e+01  2.57099171e-04  7.80000000e+01  6.20169600e-01  7.80000000e+01  3.04784229e-04  7.80000000e+01  6.19541700e-01  7.80000000e+01  3.13355345e-04 
 7.82500000e+01  1.35522400e+00  7.82500000e+01  2.57099171e-04  7.82500000e+01  6.20169600e-01  7.82500000e+01  3.04784229e-04  7.82500000e+01  6.19541700e-01  7.82500000e+01  3.13355345e-04 
 7.85000000e+01  1.35522400e+00  7.85000000e+01  2.57099171e-04  7.85000000e+01  6.20169600e-01  7.85000000e+01  3.04784229e-04  7.85000000e+01  6.19541700e-01  7.85000000e+01  3.13355345e-04 
 7.87500000e+01  1.35522400e+00  7.87500000e+01  2.57099171e-04  7.87500000e+01  6.20169600e-01  7.87500000e+01  3.04784229e-04  7.87500000e+01  6.19541700e-01  7.87500000e+01  3.13355345e-04 
 7.90000000e+01  1.35522400e+00  7.90000000e+01  2.57099171e-04  7.90000000e+01  6.20169600e-01  7.90000000e+01  3.04784229e-04  7.90000000e+01  6.19541700e-01  7.90000000e+01  3.13355345e-04 
 7.92500000e+01  1.35522400e+00  7.92500000e+01  2.57099171e-04  7.92500000e+01  6.20169600e-01  7.92500000e+01  3.04784229e-04  7.92500000e+01  6.19541700e-01  7.92500000e+01  3.13355345e-04 
 7.95000000e+01  1.35522400e+00  7.95000000e+01  2.57099171e-04  7.95000000e+01  6.20169600e-01  7.95000000e+01  3.04784229e-04  7.95000000e+01  6.19541700e-01  7.95000000e+01  3.13355345e-04 
 7.97500000e+01  1.35522400e+00  7.97500000e+01  2.57099171e-04  7.97500000e+01  6.20169600e-01  7.97500000e+01  3.04784229e-04  7.97500000e+01  6.19541700e-01  7.97500000e+01  3.13355345e-04 
 8.00000000e+01  1.35522400e+00  8.00000000e+01  2.57099171e-04  8.00000000e+01  6.20169600e-01  8.00000000e+01  3.04784229e-04  8.00000000e+01  6.19541700e-01  8.00000000e+01  3.13355345e-04 
