 1.00000000e+00 -8.92540200e+00 
 1.25892541e+00 -8.92540200e+00 
 1.58489319e+00 -8.92540200e+00 
 1.99526231e+00 -8.92540200e+00 
 2.51188643e+00 -8.92540200e+00 
 3.16227766e+00 -8.92540200e+00 
 3.98107171e+00 -8.92540200e+00 
 5.01187234e+00 -8.92540200e+00 
 6.30957344e+00 -8.92540200e+00 
 7.94328235e+00 -8.92540200e+00 
 1.00000000e+01 -8.92540200e+00 
 1.25892541e+01 -8.92540200e+00 
 1.58489319e+01 -8.92540200e+00 
 1.99526231e+01 -8.92540200e+00 
 2.51188643e+01 -8.92540200e+00 
 3.16227766e+01 -8.92540200e+00 
 3.98107171e+01 -8.92540200e+00 
 5.01187234e+01 -8.92540200e+00 
 6.30957344e+01 -8.92540200e+00 
 7.94328235e+01 -8.92540200e+00 
 1.00000000e+02 -8.92540200e+00 
 1.25892541e+02 -8.92540200e+00 
 1.58489319e+02 -8.92540200e+00 
 1.99526231e+02 -8.92540200e+00 
 2.51188643e+02 -8.92540200e+00 
 3.16227766e+02 -8.92540200e+00 
 3.98107171e+02 -8.92540200e+00 
 5.01187234e+02 -8.92540200e+00 
 6.30957344e+02 -8.92540200e+00 
 7.94328235e+02 -8.92540200e+00 
 1.00000000e+03 -8.92540200e+00 
 1.25892541e+03 -8.92540200e+00 
 1.58489319e+03 -8.92540200e+00 
 1.99526231e+03 -8.92540200e+00 
 2.51188643e+03 -8.92540200e+00 
 3.16227766e+03 -8.92540200e+00 
 3.98107171e+03 -8.92540200e+00 
 5.01187234e+03 -8.92540200e+00 
 6.30957344e+03 -8.92540200e+00 
 7.94328235e+03 -8.92540200e+00 
 1.00000000e+04 -8.92540200e+00 
 1.25892541e+04 -8.92540200e+00 
 1.58489319e+04 -8.92540200e+00 
 1.99526231e+04 -8.92540200e+00 
 2.51188643e+04 -8.92540200e+00 
 3.16227766e+04 -8.92540200e+00 
 3.98107171e+04 -8.92540200e+00 
 5.01187234e+04 -8.92540200e+00 
 6.30957344e+04 -8.92540200e+00 
 7.94328235e+04 -8.92540200e+00 
 1.00000000e+05 -8.92540200e+00 
 1.25892541e+05 -8.92540200e+00 
 1.58489319e+05 -8.92540200e+00 
 1.99526231e+05 -8.92540200e+00 
 2.51188643e+05 -8.92540200e+00 
 3.16227766e+05 -8.92540200e+00 
 3.98107171e+05 -8.92540200e+00 
 5.01187234e+05 -8.92540200e+00 
 6.30957344e+05 -8.92540200e+00 
 7.94328235e+05 -8.92540200e+00 
 1.00000000e+06 -8.92540200e+00 
