 0.00000000e+00  1.49736464e+00  0.00000000e+00  2.45098039e+00 
 1.00000000e-08  1.49736464e+00  1.00000000e-08  2.45098039e+00 
 2.00000000e-08  1.49736464e+00  2.00000000e-08  2.45098039e+00 
 4.00000000e-08  1.49736464e+00  4.00000000e-08  2.45098039e+00 
 8.00000000e-08  1.49736464e+00  8.00000000e-08  2.45098039e+00 
 1.60000000e-07  1.49736464e+00  1.60000000e-07  2.45098039e+00 
 3.20000000e-07  1.49736464e+00  3.20000000e-07  2.45098039e+00 
 6.40000000e-07  1.49736464e+00  6.40000000e-07  2.45098039e+00 
 1.00000000e-06  1.49736464e+00  1.00000000e-06  2.45098039e+00 
 1.00000010e-06  1.49736464e+00  1.00000010e-06  2.45098039e+00 
 1.00000030e-06  1.49736464e+00  1.00000030e-06  2.45098039e+00 
 1.00000070e-06  1.49736464e+00  1.00000070e-06  2.45098039e+00 
 1.00000100e-06  1.49736464e+00  1.00000100e-06  2.45098039e+00 
 1.00000108e-06  1.49736464e+00  1.00000108e-06  2.45098039e+00 
 1.00000124e-06  1.49736464e+00  1.00000124e-06  2.45098039e+00 
 1.00000156e-06  1.49736464e+00  1.00000156e-06  2.45098039e+00 
 1.00000220e-06  1.49736464e+00  1.00000220e-06  2.45098039e+00 
 1.00000348e-06  1.49736464e+00  1.00000348e-06  2.45098039e+00 
 1.00000604e-06  1.49736464e+00  1.00000604e-06  2.45098039e+00 
 1.00001116e-06  1.49736464e+00  1.00001116e-06  2.45098039e+00 
 1.00002140e-06  1.49736464e+00  1.00002140e-06  2.45098039e+00 
 1.00004188e-06  1.49736464e+00  1.00004188e-06  2.45098039e+00 
 1.00008284e-06  1.49736464e+00  1.00008284e-06  2.45098039e+00 
 1.00016476e-06  1.49736464e+00  1.00016476e-06  2.45098039e+00 
 1.00032860e-06  1.49736464e+00  1.00032860e-06  2.45098039e+00 
 1.00065628e-06  1.49736464e+00  1.00065628e-06  2.45098039e+00 
 1.00131164e-06  1.49736464e+00  1.00131164e-06  2.45098039e+00 
 1.00262236e-06  1.49736464e+00  1.00262236e-06  2.45098039e+00 
 1.00524380e-06  1.49736464e+00  1.00524380e-06  2.45098039e+00 
 1.01048668e-06  1.49736464e+00  1.01048668e-06  2.45098039e+00 
 1.02097244e-06  1.49736464e+00  1.02097244e-06  2.45098039e+00 
 1.03534670e-06  1.49736464e+00  1.03534670e-06  2.45098039e+00 
 1.05706222e-06  1.49736464e+00  1.05706222e-06  2.45098039e+00 
 1.08617725e-06  1.49736464e+00  1.08617725e-06  2.45098039e+00 
 1.13297871e-06  1.49736464e+00  1.13297871e-06  2.45098039e+00 
 1.20193078e-06  1.49736464e+00  1.20193078e-06  2.45098039e+00 
 1.32834839e-06  1.49736464e+00  1.32834839e-06  2.45098039e+00 
 1.45725999e-06  1.49736464e+00  1.45725999e-06  2.45098039e+00 
 1.71508319e-06  1.49736464e+00  1.71508319e-06  2.45098039e+00 
 2.03488712e-06  1.49736464e+00  2.03488712e-06  2.45098039e+00 
 2.67449498e-06  1.49736464e+00  2.67449498e-06  2.45098039e+00 
 3.67449498e-06  1.49736464e+00  3.67449498e-06  2.45098039e+00 
 4.67449498e-06  1.49736464e+00  4.67449498e-06  2.45098039e+00 
 5.67449498e-06  1.49736464e+00  5.67449498e-06  2.45098039e+00 
 6.67449498e-06  1.49736464e+00  6.67449498e-06  2.45098039e+00 
 7.67449498e-06  1.49736464e+00  7.67449498e-06  2.45098039e+00 
 8.67449498e-06  1.49736464e+00  8.67449498e-06  2.45098039e+00 
 9.67449498e-06  1.49736464e+00  9.67449498e-06  2.45098039e+00 
 1.06744950e-05  1.49736464e+00  1.06744950e-05  2.45098039e+00 
 1.16744950e-05  1.49736464e+00  1.16744950e-05  2.45098039e+00 
 1.26744950e-05  1.49736464e+00  1.26744950e-05  2.45098039e+00 
 1.36744950e-05  1.49736464e+00  1.36744950e-05  2.45098039e+00 
 1.46744950e-05  1.49736464e+00  1.46744950e-05  2.45098039e+00 
 1.56744950e-05  1.49736464e+00  1.56744950e-05  2.45098039e+00 
 1.66744950e-05  1.49736464e+00  1.66744950e-05  2.45098039e+00 
 1.76744950e-05  1.49736464e+00  1.76744950e-05  2.45098039e+00 
 1.86744950e-05  1.49736464e+00  1.86744950e-05  2.45098039e+00 
 1.96744950e-05  1.49736464e+00  1.96744950e-05  2.45098039e+00 
 2.06744950e-05  1.49736464e+00  2.06744950e-05  2.45098039e+00 
 2.16744950e-05  1.49736464e+00  2.16744950e-05  2.45098039e+00 
 2.26744950e-05  1.49736464e+00  2.26744950e-05  2.45098039e+00 
 2.36744950e-05  1.49736464e+00  2.36744950e-05  2.45098039e+00 
 2.46744950e-05  1.49736464e+00  2.46744950e-05  2.45098039e+00 
 2.56744950e-05  1.49736464e+00  2.56744950e-05  2.45098039e+00 
 2.66744950e-05  1.49736464e+00  2.66744950e-05  2.45098039e+00 
 2.76744950e-05  1.49736464e+00  2.76744950e-05  2.45098039e+00 
 2.86744950e-05  1.49736464e+00  2.86744950e-05  2.45098039e+00 
 2.96744950e-05  1.49736464e+00  2.96744950e-05  2.45098039e+00 
 3.06744950e-05  1.49736464e+00  3.06744950e-05  2.45098039e+00 
 3.16744950e-05  1.49736464e+00  3.16744950e-05  2.45098039e+00 
 3.26744950e-05  1.49736464e+00  3.26744950e-05  2.45098039e+00 
 3.36744950e-05  1.49736464e+00  3.36744950e-05  2.45098039e+00 
 3.46744950e-05  1.49736464e+00  3.46744950e-05  2.45098039e+00 
 3.56744950e-05  1.49736464e+00  3.56744950e-05  2.45098039e+00 
 3.66744950e-05  1.49736464e+00  3.66744950e-05  2.45098039e+00 
 3.76744950e-05  1.49736464e+00  3.76744950e-05  2.45098039e+00 
 3.86744950e-05  1.49736464e+00  3.86744950e-05  2.45098039e+00 
 3.96744950e-05  1.49736464e+00  3.96744950e-05  2.45098039e+00 
 4.06744950e-05  1.49736464e+00  4.06744950e-05  2.45098039e+00 
 4.16744950e-05  1.49736464e+00  4.16744950e-05  2.45098039e+00 
 4.26744950e-05  1.49736464e+00  4.26744950e-05  2.45098039e+00 
 4.36744950e-05  1.49736464e+00  4.36744950e-05  2.45098039e+00 
 4.46744950e-05  1.49736464e+00  4.46744950e-05  2.45098039e+00 
 4.56744950e-05  1.49736464e+00  4.56744950e-05  2.45098039e+00 
 4.66744950e-05  1.49736464e+00  4.66744950e-05  2.45098039e+00 
 4.76744950e-05  1.49736464e+00  4.76744950e-05  2.45098039e+00 
 4.86744950e-05  1.49736464e+00  4.86744950e-05  2.45098039e+00 
 4.96744950e-05  1.49736464e+00  4.96744950e-05  2.45098039e+00 
 5.06744950e-05  1.49736464e+00  5.06744950e-05  2.45098039e+00 
 5.16744950e-05  1.49736464e+00  5.16744950e-05  2.45098039e+00 
 5.26744950e-05  1.49736464e+00  5.26744950e-05  2.45098039e+00 
 5.36744950e-05  1.49736464e+00  5.36744950e-05  2.45098039e+00 
 5.46744950e-05  1.49736464e+00  5.46744950e-05  2.45098039e+00 
 5.56744950e-05  1.49736464e+00  5.56744950e-05  2.45098039e+00 
 5.66744950e-05  1.49736464e+00  5.66744950e-05  2.45098039e+00 
 5.76744950e-05  1.49736464e+00  5.76744950e-05  2.45098039e+00 
 5.86744950e-05  1.49736464e+00  5.86744950e-05  2.45098039e+00 
 5.96744950e-05  1.49736464e+00  5.96744950e-05  2.45098039e+00 
 6.06744950e-05  1.49736464e+00  6.06744950e-05  2.45098039e+00 
 6.16744950e-05  1.49736464e+00  6.16744950e-05  2.45098039e+00 
 6.26744950e-05  1.49736464e+00  6.26744950e-05  2.45098039e+00 
 6.36744950e-05  1.49736464e+00  6.36744950e-05  2.45098039e+00 
 6.46744950e-05  1.49736464e+00  6.46744950e-05  2.45098039e+00 
 6.56744950e-05  1.49736464e+00  6.56744950e-05  2.45098039e+00 
 6.66744950e-05  1.49736464e+00  6.66744950e-05  2.45098039e+00 
 6.76744950e-05  1.49736464e+00  6.76744950e-05  2.45098039e+00 
 6.86744950e-05  1.49736464e+00  6.86744950e-05  2.45098039e+00 
 6.96744950e-05  1.49736464e+00  6.96744950e-05  2.45098039e+00 
 7.06744950e-05  1.49736464e+00  7.06744950e-05  2.45098039e+00 
 7.16744950e-05  1.49736464e+00  7.16744950e-05  2.45098039e+00 
 7.26744950e-05  1.49736464e+00  7.26744950e-05  2.45098039e+00 
 7.36744950e-05  1.49736464e+00  7.36744950e-05  2.45098039e+00 
 7.46744950e-05  1.49736464e+00  7.46744950e-05  2.45098039e+00 
 7.56744950e-05  1.49736464e+00  7.56744950e-05  2.45098039e+00 
 7.66744950e-05  1.49736464e+00  7.66744950e-05  2.45098039e+00 
 7.76744950e-05  1.49736464e+00  7.76744950e-05  2.45098039e+00 
 7.86744950e-05  1.49736464e+00  7.86744950e-05  2.45098039e+00 
 7.96744950e-05  1.49736464e+00  7.96744950e-05  2.45098039e+00 
 8.06744950e-05  1.49736464e+00  8.06744950e-05  2.45098039e+00 
 8.16744950e-05  1.49736464e+00  8.16744950e-05  2.45098039e+00 
 8.26744950e-05  1.49736464e+00  8.26744950e-05  2.45098039e+00 
 8.36744950e-05  1.49736464e+00  8.36744950e-05  2.45098039e+00 
 8.46744950e-05  1.49736464e+00  8.46744950e-05  2.45098039e+00 
 8.56744950e-05  1.49736464e+00  8.56744950e-05  2.45098039e+00 
 8.66744950e-05  1.49736464e+00  8.66744950e-05  2.45098039e+00 
 8.76744950e-05  1.49736464e+00  8.76744950e-05  2.45098039e+00 
 8.86744950e-05  1.49736464e+00  8.86744950e-05  2.45098039e+00 
 8.96744950e-05  1.49736464e+00  8.96744950e-05  2.45098039e+00 
 9.06744950e-05  1.49736464e+00  9.06744950e-05  2.45098039e+00 
 9.16744950e-05  1.49736464e+00  9.16744950e-05  2.45098039e+00 
 9.26744950e-05  1.49736464e+00  9.26744950e-05  2.45098039e+00 
 9.36744950e-05  1.49736464e+00  9.36744950e-05  2.45098039e+00 
 9.46744950e-05  1.49736464e+00  9.46744950e-05  2.45098039e+00 
 9.56744950e-05  1.49736464e+00  9.56744950e-05  2.45098039e+00 
 9.66744950e-05  1.49736464e+00  9.66744950e-05  2.45098039e+00 
 9.76744950e-05  1.49736464e+00  9.76744950e-05  2.45098039e+00 
 9.86744950e-05  1.49736464e+00  9.86744950e-05  2.45098039e+00 
 9.96744950e-05  1.49736464e+00  9.96744950e-05  2.45098039e+00 
 1.00674495e-04  1.49736464e+00  1.00674495e-04  2.45098039e+00 
 1.01674495e-04  1.49736464e+00  1.01674495e-04  2.45098039e+00 
 1.02674495e-04  1.49736464e+00  1.02674495e-04  2.45098039e+00 
 1.03674495e-04  1.49736464e+00  1.03674495e-04  2.45098039e+00 
 1.04674495e-04  1.49736464e+00  1.04674495e-04  2.45098039e+00 
 1.05674495e-04  1.49736464e+00  1.05674495e-04  2.45098039e+00 
 1.06674495e-04  1.49736464e+00  1.06674495e-04  2.45098039e+00 
 1.07674495e-04  1.49736464e+00  1.07674495e-04  2.45098039e+00 
 1.08674495e-04  1.49736464e+00  1.08674495e-04  2.45098039e+00 
 1.09674495e-04  1.49736464e+00  1.09674495e-04  2.45098039e+00 
 1.10674495e-04  1.49736464e+00  1.10674495e-04  2.45098039e+00 
 1.11674495e-04  1.49736464e+00  1.11674495e-04  2.45098039e+00 
 1.12674495e-04  1.49736464e+00  1.12674495e-04  2.45098039e+00 
 1.13674495e-04  1.49736464e+00  1.13674495e-04  2.45098039e+00 
 1.14674495e-04  1.49736464e+00  1.14674495e-04  2.45098039e+00 
 1.15674495e-04  1.49736464e+00  1.15674495e-04  2.45098039e+00 
 1.16674495e-04  1.49736464e+00  1.16674495e-04  2.45098039e+00 
 1.17674495e-04  1.49736464e+00  1.17674495e-04  2.45098039e+00 
 1.18674495e-04  1.49736464e+00  1.18674495e-04  2.45098039e+00 
 1.19674495e-04  1.49736464e+00  1.19674495e-04  2.45098039e+00 
 1.20674495e-04  1.49736464e+00  1.20674495e-04  2.45098039e+00 
 1.21674495e-04  1.49736464e+00  1.21674495e-04  2.45098039e+00 
 1.22674495e-04  1.49736464e+00  1.22674495e-04  2.45098039e+00 
 1.23674495e-04  1.49736464e+00  1.23674495e-04  2.45098039e+00 
 1.24674495e-04  1.49736464e+00  1.24674495e-04  2.45098039e+00 
 1.25674495e-04  1.49736464e+00  1.25674495e-04  2.45098039e+00 
 1.26674495e-04  1.49736464e+00  1.26674495e-04  2.45098039e+00 
 1.27674495e-04  1.49736464e+00  1.27674495e-04  2.45098039e+00 
 1.28674495e-04  1.49736464e+00  1.28674495e-04  2.45098039e+00 
 1.29674495e-04  1.49736464e+00  1.29674495e-04  2.45098039e+00 
 1.30674495e-04  1.49736464e+00  1.30674495e-04  2.45098039e+00 
 1.31674495e-04  1.49736464e+00  1.31674495e-04  2.45098039e+00 
 1.32674495e-04  1.49736464e+00  1.32674495e-04  2.45098039e+00 
 1.33674495e-04  1.49736464e+00  1.33674495e-04  2.45098039e+00 
 1.34674495e-04  1.49736464e+00  1.34674495e-04  2.45098039e+00 
 1.35674495e-04  1.49736464e+00  1.35674495e-04  2.45098039e+00 
 1.36674495e-04  1.49736464e+00  1.36674495e-04  2.45098039e+00 
 1.37674495e-04  1.49736464e+00  1.37674495e-04  2.45098039e+00 
 1.38674495e-04  1.49736464e+00  1.38674495e-04  2.45098039e+00 
 1.39674495e-04  1.49736464e+00  1.39674495e-04  2.45098039e+00 
 1.40674495e-04  1.49736464e+00  1.40674495e-04  2.45098039e+00 
 1.41674495e-04  1.49736464e+00  1.41674495e-04  2.45098039e+00 
 1.42674495e-04  1.49736464e+00  1.42674495e-04  2.45098039e+00 
 1.43674495e-04  1.49736464e+00  1.43674495e-04  2.45098039e+00 
 1.44674495e-04  1.49736464e+00  1.44674495e-04  2.45098039e+00 
 1.45674495e-04  1.49736464e+00  1.45674495e-04  2.45098039e+00 
 1.46674495e-04  1.49736464e+00  1.46674495e-04  2.45098039e+00 
 1.47674495e-04  1.49736464e+00  1.47674495e-04  2.45098039e+00 
 1.48674495e-04  1.49736464e+00  1.48674495e-04  2.45098039e+00 
 1.49674495e-04  1.49736464e+00  1.49674495e-04  2.45098039e+00 
 1.50674495e-04  1.49736464e+00  1.50674495e-04  2.45098039e+00 
 1.51674495e-04  1.49736464e+00  1.51674495e-04  2.45098039e+00 
 1.52674495e-04  1.49736464e+00  1.52674495e-04  2.45098039e+00 
 1.53674495e-04  1.49736464e+00  1.53674495e-04  2.45098039e+00 
 1.54674495e-04  1.49736464e+00  1.54674495e-04  2.45098039e+00 
 1.55674495e-04  1.49736464e+00  1.55674495e-04  2.45098039e+00 
 1.56674495e-04  1.49736464e+00  1.56674495e-04  2.45098039e+00 
 1.57674495e-04  1.49736464e+00  1.57674495e-04  2.45098039e+00 
 1.58674495e-04  1.49736464e+00  1.58674495e-04  2.45098039e+00 
 1.59674495e-04  1.49736464e+00  1.59674495e-04  2.45098039e+00 
 1.60674495e-04  1.49736464e+00  1.60674495e-04  2.45098039e+00 
 1.61674495e-04  1.49736464e+00  1.61674495e-04  2.45098039e+00 
 1.62674495e-04  1.49736464e+00  1.62674495e-04  2.45098039e+00 
 1.63674495e-04  1.49736464e+00  1.63674495e-04  2.45098039e+00 
 1.64674495e-04  1.49736464e+00  1.64674495e-04  2.45098039e+00 
 1.65674495e-04  1.49736464e+00  1.65674495e-04  2.45098039e+00 
 1.66674495e-04  1.49736464e+00  1.66674495e-04  2.45098039e+00 
 1.67674495e-04  1.49736464e+00  1.67674495e-04  2.45098039e+00 
 1.68674495e-04  1.49736464e+00  1.68674495e-04  2.45098039e+00 
 1.69674495e-04  1.49736464e+00  1.69674495e-04  2.45098039e+00 
 1.70674495e-04  1.49736464e+00  1.70674495e-04  2.45098039e+00 
 1.71674495e-04  1.49736464e+00  1.71674495e-04  2.45098039e+00 
 1.72674495e-04  1.49736464e+00  1.72674495e-04  2.45098039e+00 
 1.73674495e-04  1.49736464e+00  1.73674495e-04  2.45098039e+00 
 1.74674495e-04  1.49736464e+00  1.74674495e-04  2.45098039e+00 
 1.75674495e-04  1.49736464e+00  1.75674495e-04  2.45098039e+00 
 1.76674495e-04  1.49736464e+00  1.76674495e-04  2.45098039e+00 
 1.77674495e-04  1.49736464e+00  1.77674495e-04  2.45098039e+00 
 1.78674495e-04  1.49736464e+00  1.78674495e-04  2.45098039e+00 
 1.79674495e-04  1.49736464e+00  1.79674495e-04  2.45098039e+00 
 1.80674495e-04  1.49736464e+00  1.80674495e-04  2.45098039e+00 
 1.81674495e-04  1.49736464e+00  1.81674495e-04  2.45098039e+00 
 1.82674495e-04  1.49736464e+00  1.82674495e-04  2.45098039e+00 
 1.83674495e-04  1.49736464e+00  1.83674495e-04  2.45098039e+00 
 1.84674495e-04  1.49736464e+00  1.84674495e-04  2.45098039e+00 
 1.85674495e-04  1.49736464e+00  1.85674495e-04  2.45098039e+00 
 1.86674495e-04  1.49736464e+00  1.86674495e-04  2.45098039e+00 
 1.87674495e-04  1.49736464e+00  1.87674495e-04  2.45098039e+00 
 1.88674495e-04  1.49736464e+00  1.88674495e-04  2.45098039e+00 
 1.89674495e-04  1.49736464e+00  1.89674495e-04  2.45098039e+00 
 1.90674495e-04  1.49736464e+00  1.90674495e-04  2.45098039e+00 
 1.91674495e-04  1.49736464e+00  1.91674495e-04  2.45098039e+00 
 1.92674495e-04  1.49736464e+00  1.92674495e-04  2.45098039e+00 
 1.93674495e-04  1.49736464e+00  1.93674495e-04  2.45098039e+00 
 1.94674495e-04  1.49736464e+00  1.94674495e-04  2.45098039e+00 
 1.95674495e-04  1.49736464e+00  1.95674495e-04  2.45098039e+00 
 1.96674495e-04  1.49736464e+00  1.96674495e-04  2.45098039e+00 
 1.97674495e-04  1.49736464e+00  1.97674495e-04  2.45098039e+00 
 1.98674495e-04  1.49736464e+00  1.98674495e-04  2.45098039e+00 
 1.99674495e-04  1.49736464e+00  1.99674495e-04  2.45098039e+00 
 2.00674495e-04  1.49736464e+00  2.00674495e-04  2.45098039e+00 
 2.01000001e-04  1.49736464e+00  2.01000001e-04  2.45098039e+00 
 2.01000001e-04  1.49736464e+00  2.01000001e-04  2.45098039e+00 
 2.01000001e-04  1.49736464e+00  2.01000001e-04  2.45098039e+00 
 2.01000002e-04  1.49736464e+00  2.01000002e-04  2.45098039e+00 
 2.01000002e-04  1.49736464e+00  2.01000002e-04  2.45098039e+00 
 2.01000002e-04  1.49736464e+00  2.01000002e-04  2.45098039e+00 
 2.01000002e-04  1.49736464e+00  2.01000002e-04  2.45098039e+00 
 2.01000003e-04  1.49736464e+00  2.01000003e-04  2.45098039e+00 
 2.01000003e-04  1.49736464e+00  2.01000003e-04  2.45098039e+00 
 2.01000004e-04  1.49736464e+00  2.01000004e-04  2.45098039e+00 
 2.01000007e-04  1.49736464e+00  2.01000007e-04  2.45098039e+00 
 2.01000012e-04  1.49736464e+00  2.01000012e-04  2.45098039e+00 
 2.01000022e-04  1.49736464e+00  2.01000022e-04  2.45098039e+00 
 2.01000043e-04  1.49736464e+00  2.01000043e-04  2.45098039e+00 
 2.01000084e-04  1.49736464e+00  2.01000084e-04  2.45098039e+00 
 2.01000166e-04  1.49736464e+00  2.01000166e-04  2.45098039e+00 
 2.01000330e-04  1.49736464e+00  2.01000330e-04  2.45098039e+00 
 2.01000657e-04  1.49736464e+00  2.01000657e-04  2.45098039e+00 
 2.01001313e-04  1.49736464e+00  2.01001313e-04  2.45098039e+00 
 2.01002623e-04  1.49736464e+00  2.01002623e-04  2.45098039e+00 
 2.01005245e-04  1.49736464e+00  2.01005245e-04  2.45098039e+00 
 2.01010488e-04  1.49736464e+00  2.01010488e-04  2.45098039e+00 
 2.01020973e-04  1.49736464e+00  2.01020973e-04  2.45098039e+00 
 2.01037507e-04  1.49736464e+00  2.01037507e-04  2.45098039e+00 
 2.01070500e-04  1.49736464e+00  2.01070500e-04  2.45098039e+00 
 2.01115242e-04  1.49736464e+00  2.01115242e-04  2.45098039e+00 
 2.01187753e-04  1.49736464e+00  2.01187753e-04  2.45098039e+00 
 2.01314799e-04  1.49736464e+00  2.01314799e-04  2.45098039e+00 
 2.01434873e-04  1.49736464e+00  2.01434873e-04  2.45098039e+00 
 2.01675019e-04  1.49736464e+00  2.01675019e-04  2.45098039e+00 
 2.02062880e-04  1.49736464e+00  2.02062880e-04  2.45098039e+00 
 2.02838602e-04  1.49736464e+00  2.02838602e-04  2.45098039e+00 
 2.03838602e-04  1.49736464e+00  2.03838602e-04  2.45098039e+00 
 2.04838602e-04  1.49736464e+00  2.04838602e-04  2.45098039e+00 
 2.05838602e-04  1.49736464e+00  2.05838602e-04  2.45098039e+00 
 2.06838602e-04  1.49736464e+00  2.06838602e-04  2.45098039e+00 
 2.07838602e-04  1.49736464e+00  2.07838602e-04  2.45098039e+00 
 2.08838602e-04  1.49736464e+00  2.08838602e-04  2.45098039e+00 
 2.09838602e-04  1.49736464e+00  2.09838602e-04  2.45098039e+00 
 2.10838602e-04  1.49736464e+00  2.10838602e-04  2.45098039e+00 
 2.11838602e-04  1.49736464e+00  2.11838602e-04  2.45098039e+00 
 2.12838602e-04  1.49736464e+00  2.12838602e-04  2.45098039e+00 
 2.13838602e-04  1.49736464e+00  2.13838602e-04  2.45098039e+00 
 2.14838602e-04  1.49736464e+00  2.14838602e-04  2.45098039e+00 
 2.15838602e-04  1.49736464e+00  2.15838602e-04  2.45098039e+00 
 2.16838602e-04  1.49736464e+00  2.16838602e-04  2.45098039e+00 
 2.17838602e-04  1.49736464e+00  2.17838602e-04  2.45098039e+00 
 2.18838602e-04  1.49736464e+00  2.18838602e-04  2.45098039e+00 
 2.19838602e-04  1.49736464e+00  2.19838602e-04  2.45098039e+00 
 2.20838602e-04  1.49736464e+00  2.20838602e-04  2.45098039e+00 
 2.21838602e-04  1.49736464e+00  2.21838602e-04  2.45098039e+00 
 2.22838602e-04  1.49736464e+00  2.22838602e-04  2.45098039e+00 
 2.23838602e-04  1.49736464e+00  2.23838602e-04  2.45098039e+00 
 2.24838602e-04  1.49736464e+00  2.24838602e-04  2.45098039e+00 
 2.25838602e-04  1.49736464e+00  2.25838602e-04  2.45098039e+00 
 2.26838602e-04  1.49736464e+00  2.26838602e-04  2.45098039e+00 
 2.27838602e-04  1.49736464e+00  2.27838602e-04  2.45098039e+00 
 2.28838602e-04  1.49736464e+00  2.28838602e-04  2.45098039e+00 
 2.29838602e-04  1.49736464e+00  2.29838602e-04  2.45098039e+00 
 2.30838602e-04  1.49736464e+00  2.30838602e-04  2.45098039e+00 
 2.31838602e-04  1.49736464e+00  2.31838602e-04  2.45098039e+00 
 2.32838602e-04  1.49736464e+00  2.32838602e-04  2.45098039e+00 
 2.33838602e-04  1.49736464e+00  2.33838602e-04  2.45098039e+00 
 2.34838602e-04  1.49736464e+00  2.34838602e-04  2.45098039e+00 
 2.35838602e-04  1.49736464e+00  2.35838602e-04  2.45098039e+00 
 2.36838602e-04  1.49736464e+00  2.36838602e-04  2.45098039e+00 
 2.37838602e-04  1.49736464e+00  2.37838602e-04  2.45098039e+00 
 2.38838602e-04  1.49736464e+00  2.38838602e-04  2.45098039e+00 
 2.39838602e-04  1.49736464e+00  2.39838602e-04  2.45098039e+00 
 2.40838602e-04  1.49736464e+00  2.40838602e-04  2.45098039e+00 
 2.41838602e-04  1.49736464e+00  2.41838602e-04  2.45098039e+00 
 2.42838602e-04  1.49736464e+00  2.42838602e-04  2.45098039e+00 
 2.43838602e-04  1.49736464e+00  2.43838602e-04  2.45098039e+00 
 2.44838602e-04  1.49736464e+00  2.44838602e-04  2.45098039e+00 
 2.45838602e-04  1.49736464e+00  2.45838602e-04  2.45098039e+00 
 2.46838602e-04  1.49736464e+00  2.46838602e-04  2.45098039e+00 
 2.47838602e-04  1.49736464e+00  2.47838602e-04  2.45098039e+00 
 2.48838602e-04  1.49736464e+00  2.48838602e-04  2.45098039e+00 
 2.49838602e-04  1.49736464e+00  2.49838602e-04  2.45098039e+00 
 2.50838602e-04  1.49736464e+00  2.50838602e-04  2.45098039e+00 
 2.51838602e-04  1.49736464e+00  2.51838602e-04  2.45098039e+00 
 2.52838602e-04  1.49736464e+00  2.52838602e-04  2.45098039e+00 
 2.53838602e-04  1.49736464e+00  2.53838602e-04  2.45098039e+00 
 2.54838602e-04  1.49736464e+00  2.54838602e-04  2.45098039e+00 
 2.55838602e-04  1.49736464e+00  2.55838602e-04  2.45098039e+00 
 2.56838602e-04  1.49736464e+00  2.56838602e-04  2.45098039e+00 
 2.57838602e-04  1.49736464e+00  2.57838602e-04  2.45098039e+00 
 2.58838602e-04  1.49736464e+00  2.58838602e-04  2.45098039e+00 
 2.59838602e-04  1.49736464e+00  2.59838602e-04  2.45098039e+00 
 2.60838602e-04  1.49736464e+00  2.60838602e-04  2.45098039e+00 
 2.61838602e-04  1.49736464e+00  2.61838602e-04  2.45098039e+00 
 2.62838602e-04  1.49736464e+00  2.62838602e-04  2.45098039e+00 
 2.63838602e-04  1.49736464e+00  2.63838602e-04  2.45098039e+00 
 2.64838602e-04  1.49736464e+00  2.64838602e-04  2.45098039e+00 
 2.65838602e-04  1.49736464e+00  2.65838602e-04  2.45098039e+00 
 2.66838602e-04  1.49736464e+00  2.66838602e-04  2.45098039e+00 
 2.67838602e-04  1.49736464e+00  2.67838602e-04  2.45098039e+00 
 2.68838602e-04  1.49736464e+00  2.68838602e-04  2.45098039e+00 
 2.69838602e-04  1.49736464e+00  2.69838602e-04  2.45098039e+00 
 2.70838602e-04  1.49736464e+00  2.70838602e-04  2.45098039e+00 
 2.71838602e-04  1.49736464e+00  2.71838602e-04  2.45098039e+00 
 2.72838602e-04  1.49736464e+00  2.72838602e-04  2.45098039e+00 
 2.73838602e-04  1.49736464e+00  2.73838602e-04  2.45098039e+00 
 2.74838602e-04  1.49736464e+00  2.74838602e-04  2.45098039e+00 
 2.75838602e-04  1.49736464e+00  2.75838602e-04  2.45098039e+00 
 2.76838602e-04  1.49736464e+00  2.76838602e-04  2.45098039e+00 
 2.77838602e-04  1.49736464e+00  2.77838602e-04  2.45098039e+00 
 2.78838602e-04  1.49736464e+00  2.78838602e-04  2.45098039e+00 
 2.79838602e-04  1.49736464e+00  2.79838602e-04  2.45098039e+00 
 2.80838602e-04  1.49736464e+00  2.80838602e-04  2.45098039e+00 
 2.81838602e-04  1.49736464e+00  2.81838602e-04  2.45098039e+00 
 2.82838602e-04  1.49736464e+00  2.82838602e-04  2.45098039e+00 
 2.83838602e-04  1.49736464e+00  2.83838602e-04  2.45098039e+00 
 2.84838602e-04  1.49736464e+00  2.84838602e-04  2.45098039e+00 
 2.85838602e-04  1.49736464e+00  2.85838602e-04  2.45098039e+00 
 2.86838602e-04  1.49736464e+00  2.86838602e-04  2.45098039e+00 
 2.87838602e-04  1.49736464e+00  2.87838602e-04  2.45098039e+00 
 2.88838602e-04  1.49736464e+00  2.88838602e-04  2.45098039e+00 
 2.89838602e-04  1.49736464e+00  2.89838602e-04  2.45098039e+00 
 2.90838602e-04  1.49736464e+00  2.90838602e-04  2.45098039e+00 
 2.91838602e-04  1.49736464e+00  2.91838602e-04  2.45098039e+00 
 2.92838602e-04  1.49736464e+00  2.92838602e-04  2.45098039e+00 
 2.93838602e-04  1.49736464e+00  2.93838602e-04  2.45098039e+00 
 2.94838602e-04  1.49736464e+00  2.94838602e-04  2.45098039e+00 
 2.95838602e-04  1.49736464e+00  2.95838602e-04  2.45098039e+00 
 2.96838602e-04  1.49736464e+00  2.96838602e-04  2.45098039e+00 
 2.97838602e-04  1.49736464e+00  2.97838602e-04  2.45098039e+00 
 2.98838602e-04  1.49736464e+00  2.98838602e-04  2.45098039e+00 
 2.99838602e-04  1.49736464e+00  2.99838602e-04  2.45098039e+00 
 3.00838602e-04  1.49736464e+00  3.00838602e-04  2.45098039e+00 
 3.01838602e-04  1.49736464e+00  3.01838602e-04  2.45098039e+00 
 3.02838602e-04  1.49736464e+00  3.02838602e-04  2.45098039e+00 
 3.03838602e-04  1.49736464e+00  3.03838602e-04  2.45098039e+00 
 3.04838602e-04  1.49736464e+00  3.04838602e-04  2.45098039e+00 
 3.05838602e-04  1.49736464e+00  3.05838602e-04  2.45098039e+00 
 3.06838602e-04  1.49736464e+00  3.06838602e-04  2.45098039e+00 
 3.07838602e-04  1.49736464e+00  3.07838602e-04  2.45098039e+00 
 3.08838602e-04  1.49736464e+00  3.08838602e-04  2.45098039e+00 
 3.09838602e-04  1.49736464e+00  3.09838602e-04  2.45098039e+00 
 3.10838602e-04  1.49736464e+00  3.10838602e-04  2.45098039e+00 
 3.11838602e-04  1.49736464e+00  3.11838602e-04  2.45098039e+00 
 3.12838602e-04  1.49736464e+00  3.12838602e-04  2.45098039e+00 
 3.13838602e-04  1.49736464e+00  3.13838602e-04  2.45098039e+00 
 3.14838602e-04  1.49736464e+00  3.14838602e-04  2.45098039e+00 
 3.15838602e-04  1.49736464e+00  3.15838602e-04  2.45098039e+00 
 3.16838602e-04  1.49736464e+00  3.16838602e-04  2.45098039e+00 
 3.17838602e-04  1.49736464e+00  3.17838602e-04  2.45098039e+00 
 3.18838602e-04  1.49736464e+00  3.18838602e-04  2.45098039e+00 
 3.19838602e-04  1.49736464e+00  3.19838602e-04  2.45098039e+00 
 3.20838602e-04  1.49736464e+00  3.20838602e-04  2.45098039e+00 
 3.21838602e-04  1.49736464e+00  3.21838602e-04  2.45098039e+00 
 3.22838602e-04  1.49736464e+00  3.22838602e-04  2.45098039e+00 
 3.23838602e-04  1.49736464e+00  3.23838602e-04  2.45098039e+00 
 3.24838602e-04  1.49736464e+00  3.24838602e-04  2.45098039e+00 
 3.25838602e-04  1.49736464e+00  3.25838602e-04  2.45098039e+00 
 3.26838602e-04  1.49736464e+00  3.26838602e-04  2.45098039e+00 
 3.27838602e-04  1.49736464e+00  3.27838602e-04  2.45098039e+00 
 3.28838602e-04  1.49736464e+00  3.28838602e-04  2.45098039e+00 
 3.29838602e-04  1.49736464e+00  3.29838602e-04  2.45098039e+00 
 3.30838602e-04  1.49736464e+00  3.30838602e-04  2.45098039e+00 
 3.31838602e-04  1.49736464e+00  3.31838602e-04  2.45098039e+00 
 3.32838602e-04  1.49736464e+00  3.32838602e-04  2.45098039e+00 
 3.33838602e-04  1.49736464e+00  3.33838602e-04  2.45098039e+00 
 3.34838602e-04  1.49736464e+00  3.34838602e-04  2.45098039e+00 
 3.35838602e-04  1.49736464e+00  3.35838602e-04  2.45098039e+00 
 3.36838602e-04  1.49736464e+00  3.36838602e-04  2.45098039e+00 
 3.37838602e-04  1.49736464e+00  3.37838602e-04  2.45098039e+00 
 3.38838602e-04  1.49736464e+00  3.38838602e-04  2.45098039e+00 
 3.39838602e-04  1.49736464e+00  3.39838602e-04  2.45098039e+00 
 3.40838602e-04  1.49736464e+00  3.40838602e-04  2.45098039e+00 
 3.41838602e-04  1.49736464e+00  3.41838602e-04  2.45098039e+00 
 3.42838602e-04  1.49736464e+00  3.42838602e-04  2.45098039e+00 
 3.43838602e-04  1.49736464e+00  3.43838602e-04  2.45098039e+00 
 3.44838602e-04  1.49736464e+00  3.44838602e-04  2.45098039e+00 
 3.45838602e-04  1.49736464e+00  3.45838602e-04  2.45098039e+00 
 3.46838602e-04  1.49736464e+00  3.46838602e-04  2.45098039e+00 
 3.47838602e-04  1.49736464e+00  3.47838602e-04  2.45098039e+00 
 3.48838602e-04  1.49736464e+00  3.48838602e-04  2.45098039e+00 
 3.49838602e-04  1.49736464e+00  3.49838602e-04  2.45098039e+00 
 3.50838602e-04  1.49736464e+00  3.50838602e-04  2.45098039e+00 
 3.51838602e-04  1.49736464e+00  3.51838602e-04  2.45098039e+00 
 3.52838602e-04  1.49736464e+00  3.52838602e-04  2.45098039e+00 
 3.53838602e-04  1.49736464e+00  3.53838602e-04  2.45098039e+00 
 3.54838602e-04  1.49736464e+00  3.54838602e-04  2.45098039e+00 
 3.55838602e-04  1.49736464e+00  3.55838602e-04  2.45098039e+00 
 3.56838602e-04  1.49736464e+00  3.56838602e-04  2.45098039e+00 
 3.57838602e-04  1.49736464e+00  3.57838602e-04  2.45098039e+00 
 3.58838602e-04  1.49736464e+00  3.58838602e-04  2.45098039e+00 
 3.59838602e-04  1.49736464e+00  3.59838602e-04  2.45098039e+00 
 3.60838602e-04  1.49736464e+00  3.60838602e-04  2.45098039e+00 
 3.61838602e-04  1.49736464e+00  3.61838602e-04  2.45098039e+00 
 3.62838602e-04  1.49736464e+00  3.62838602e-04  2.45098039e+00 
 3.63838602e-04  1.49736464e+00  3.63838602e-04  2.45098039e+00 
 3.64838602e-04  1.49736464e+00  3.64838602e-04  2.45098039e+00 
 3.65838602e-04  1.49736464e+00  3.65838602e-04  2.45098039e+00 
 3.66838602e-04  1.49736464e+00  3.66838602e-04  2.45098039e+00 
 3.67838602e-04  1.49736464e+00  3.67838602e-04  2.45098039e+00 
 3.68838602e-04  1.49736464e+00  3.68838602e-04  2.45098039e+00 
 3.69838602e-04  1.49736464e+00  3.69838602e-04  2.45098039e+00 
 3.70838602e-04  1.49736464e+00  3.70838602e-04  2.45098039e+00 
 3.71838602e-04  1.49736464e+00  3.71838602e-04  2.45098039e+00 
 3.72838602e-04  1.49736464e+00  3.72838602e-04  2.45098039e+00 
 3.73838602e-04  1.49736464e+00  3.73838602e-04  2.45098039e+00 
 3.74838602e-04  1.49736464e+00  3.74838602e-04  2.45098039e+00 
 3.75838602e-04  1.49736464e+00  3.75838602e-04  2.45098039e+00 
 3.76838602e-04  1.49736464e+00  3.76838602e-04  2.45098039e+00 
 3.77838602e-04  1.49736464e+00  3.77838602e-04  2.45098039e+00 
 3.78838602e-04  1.49736464e+00  3.78838602e-04  2.45098039e+00 
 3.79838602e-04  1.49736464e+00  3.79838602e-04  2.45098039e+00 
 3.80838602e-04  1.49736464e+00  3.80838602e-04  2.45098039e+00 
 3.81838602e-04  1.49736464e+00  3.81838602e-04  2.45098039e+00 
 3.82838602e-04  1.49736464e+00  3.82838602e-04  2.45098039e+00 
 3.83838602e-04  1.49736464e+00  3.83838602e-04  2.45098039e+00 
 3.84838602e-04  1.49736464e+00  3.84838602e-04  2.45098039e+00 
 3.85838602e-04  1.49736464e+00  3.85838602e-04  2.45098039e+00 
 3.86838602e-04  1.49736464e+00  3.86838602e-04  2.45098039e+00 
 3.87838602e-04  1.49736464e+00  3.87838602e-04  2.45098039e+00 
 3.88838602e-04  1.49736464e+00  3.88838602e-04  2.45098039e+00 
 3.89838602e-04  1.49736464e+00  3.89838602e-04  2.45098039e+00 
 3.90838602e-04  1.49736464e+00  3.90838602e-04  2.45098039e+00 
 3.91838602e-04  1.49736464e+00  3.91838602e-04  2.45098039e+00 
 3.92838602e-04  1.49736464e+00  3.92838602e-04  2.45098039e+00 
 3.93838602e-04  1.49736464e+00  3.93838602e-04  2.45098039e+00 
 3.94838602e-04  1.49736464e+00  3.94838602e-04  2.45098039e+00 
 3.95838602e-04  1.49736464e+00  3.95838602e-04  2.45098039e+00 
 3.96838602e-04  1.49736464e+00  3.96838602e-04  2.45098039e+00 
 3.97838602e-04  1.49736464e+00  3.97838602e-04  2.45098039e+00 
 3.98838602e-04  1.49736464e+00  3.98838602e-04  2.45098039e+00 
 3.99838602e-04  1.49736464e+00  3.99838602e-04  2.45098039e+00 
 4.00838602e-04  1.49736464e+00  4.00838602e-04  2.45098039e+00 
 4.01000000e-04  1.49736464e+00  4.01000000e-04  2.45098039e+00 
