Title: test opamp tran
Date: Wed Sep 16 09:48:49  2026
Command: ngspice-45.2, Build Sep  6 2025   16:26:01
Plotname: Transient Analysis
Flags: real
No. Variables: 3
No. Points: 470
Variables:
	0	time	time
	1	v(vout3)	voltage
	2	v(visr)	voltage
Values:
 0	0.000000000000000e+00
	2.891614774338507e-01
	3.000000000000000e-01

 1	1.000000000000000e-08
	2.891614774374712e-01
	3.000000000000000e-01

 2	2.000000000000000e-08
	2.891614774316674e-01
	3.000000000000000e-01

 3	4.000000000000000e-08
	2.891614774357029e-01
	3.000000000000000e-01

 4	8.000000000000000e-08
	2.891614774336983e-01
	3.000000000000000e-01

 5	1.600000000000000e-07
	2.891614774357039e-01
	3.000000000000000e-01

 6	3.200000000000000e-07
	2.891614774337105e-01
	3.000000000000000e-01

 7	6.400000000000000e-07
	2.891614774343277e-01
	3.000000000000000e-01

 8	1.000000000000000e-06
	2.891614774345247e-01
	3.000000000000000e-01

 9	1.000000100000000e-06
	2.891633628283724e-01
	3.199999999878466e-01

 10	1.000000300000000e-06
	2.891662190345103e-01
	3.600000000058914e-01

 11	1.000000700000000e-06
	2.891714104818663e-01
	4.399999999996294e-01

 12	1.000001000000000e-06
	2.891754381470036e-01
	5.000000000000000e-01

 13	1.000001080000000e-06
	2.891750133467065e-01
	5.000000000000000e-01

 14	1.000001240000000e-06
	2.891750045855710e-01
	5.000000000000000e-01

 15	1.000001560000000e-06
	2.891755179380708e-01
	5.000000000000000e-01

 16	1.000002200000000e-06
	2.891761469756264e-01
	5.000000000000000e-01

 17	1.000003480000000e-06
	2.891777060443287e-01
	5.000000000000000e-01

 18	1.000006040000000e-06
	2.891804112823501e-01
	5.000000000000000e-01

 19	1.000011160000000e-06
	2.891856873377151e-01
	5.000000000000000e-01

 20	1.000021400000001e-06
	2.891943695091510e-01
	5.000000000000000e-01

 21	1.000041880000001e-06
	2.892065258426956e-01
	5.000000000000000e-01

 22	1.000082840000002e-06
	2.892139011864833e-01
	5.000000000000000e-01

 23	1.000164760000004e-06
	2.891894031729556e-01
	5.000000000000000e-01

 24	1.000328600000009e-06
	2.890804012336867e-01
	5.000000000000000e-01

 25	1.000656280000018e-06
	2.888560334199100e-01
	5.000000000000000e-01

 26	1.001311640000036e-06
	2.886946492292722e-01
	5.000000000000000e-01

 27	1.002622360000072e-06
	2.898860885631720e-01
	5.000000000000000e-01

 28	1.005243800000145e-06
	2.975537290426503e-01
	5.000000000000000e-01

 29	1.010486680000290e-06
	3.172069004843809e-01
	5.000000000000000e-01

 30	1.020972440000579e-06
	3.345316347281708e-01
	5.000000000000000e-01

 31	1.035346698007575e-06
	3.584352056986984e-01
	5.000000000000000e-01

 32	1.057062221535142e-06
	3.927262806991111e-01
	5.000000000000000e-01

 33	1.086177253544618e-06
	4.145099563053700e-01
	5.000000000000000e-01

 34	1.132978713219399e-06
	4.504317749497316e-01
	5.000000000000000e-01

 35	1.201930781529882e-06
	4.644518530513319e-01
	5.000000000000000e-01

 36	1.328348387083903e-06
	4.860010511428664e-01
	5.000000000000000e-01

 37	1.457259987075385e-06
	4.809643933579547e-01
	5.000000000000000e-01

 38	1.715083187058348e-06
	4.886571654717666e-01
	5.000000000000000e-01

 39	2.034887117407621e-06
	4.817096160208024e-01
	5.000000000000000e-01

 40	2.674494978106167e-06
	4.887447150868611e-01
	5.000000000000000e-01

 41	3.674494978106167e-06
	4.816101544414867e-01
	5.000000000000000e-01

 42	4.674494978106166e-06
	4.887382741047602e-01
	5.000000000000000e-01

 43	5.674494978106166e-06
	4.815510734057771e-01
	5.000000000000000e-01

 44	6.674494978106166e-06
	4.887939264988957e-01
	5.000000000000000e-01

 45	7.674494978106166e-06
	4.815008486891533e-01
	5.000000000000000e-01

 46	8.674494978106166e-06
	4.888093740723681e-01
	5.000000000000000e-01

 47	9.674494978106167e-06
	4.814834440158980e-01
	5.000000000000000e-01

 48	1.067449497810617e-05
	4.888109491414498e-01
	5.000000000000000e-01

 49	1.167449497810617e-05
	4.814816095414165e-01
	5.000000000000000e-01

 50	1.267449497810617e-05
	4.888051574388333e-01
	5.000000000000000e-01

 51	1.367449497810617e-05
	4.814876245571909e-01
	5.000000000000000e-01

 52	1.467449497810617e-05
	4.887954262878891e-01
	5.000000000000000e-01

 53	1.567449497810617e-05
	4.814978482244113e-01
	5.000000000000000e-01

 54	1.667449497810617e-05
	4.887833632390304e-01
	5.000000000000000e-01

 55	1.767449497810617e-05
	4.815105550834037e-01
	5.000000000000000e-01

 56	1.867449497810617e-05
	4.887697326372741e-01
	5.000000000000000e-01

 57	1.967449497810617e-05
	4.815249250768344e-01
	5.000000000000000e-01

 58	2.067449497810617e-05
	4.887548993522930e-01
	5.000000000000000e-01

 59	2.167449497810617e-05
	4.815405668348732e-01
	5.000000000000000e-01

 60	2.267449497810617e-05
	4.887390393105292e-01
	5.000000000000000e-01

 61	2.367449497810618e-05
	4.815572918056044e-01
	5.000000000000000e-01

 62	2.467449497810618e-05
	4.887222390624188e-01
	5.000000000000000e-01

 63	2.567449497810618e-05
	4.815750072967973e-01
	5.000000000000000e-01

 64	2.667449497810618e-05
	4.887045429213042e-01
	5.000000000000000e-01

 65	2.767449497810618e-05
	4.815936658479459e-01
	5.000000000000000e-01

 66	2.867449497810618e-05
	4.886859752955762e-01
	5.000000000000000e-01

 67	2.967449497810618e-05
	4.816132412793565e-01
	5.000000000000000e-01

 68	3.067449497810618e-05
	4.886665512585613e-01
	5.000000000000000e-01

 69	3.167449497810617e-05
	4.816337173506827e-01
	5.000000000000000e-01

 70	3.267449497810617e-05
	4.886462815717339e-01
	5.000000000000000e-01

 71	3.367449497810617e-05
	4.816550824003000e-01
	5.000000000000000e-01

 72	3.467449497810616e-05
	4.886251750454251e-01
	5.000000000000000e-01

 73	3.567449497810616e-05
	4.816773268094742e-01
	5.000000000000000e-01

 74	3.667449497810616e-05
	4.886032396706324e-01
	5.000000000000000e-01

 75	3.767449497810616e-05
	4.817004417999524e-01
	5.000000000000000e-01

 76	3.867449497810615e-05
	4.885804831518058e-01
	5.000000000000000e-01

 77	3.967449497810615e-05
	4.817244188721435e-01
	5.000000000000000e-01

 78	4.067449497810615e-05
	4.885569131557588e-01
	5.000000000000000e-01

 79	4.167449497810614e-05
	4.817492495325388e-01
	5.000000000000000e-01

 80	4.267449497810614e-05
	4.885325374266539e-01
	5.000000000000000e-01

 81	4.367449497810614e-05
	4.817749251762948e-01
	5.000000000000000e-01

 82	4.467449497810614e-05
	4.885073638476337e-01
	5.000000000000000e-01

 83	4.567449497810613e-05
	4.818014370195065e-01
	5.000000000000000e-01

 84	4.667449497810613e-05
	4.884814004625263e-01
	5.000000000000000e-01

 85	4.767449497810613e-05
	4.818287760789926e-01
	5.000000000000000e-01

 86	4.867449497810613e-05
	4.884546554839683e-01
	5.000000000000000e-01

 87	4.967449497810612e-05
	4.818569331584724e-01
	5.000000000000000e-01

 88	5.067449497810612e-05
	4.884271373058126e-01
	5.000000000000000e-01

 89	5.167449497810612e-05
	4.818858988432794e-01
	5.000000000000000e-01

 90	5.267449497810611e-05
	4.883988544957213e-01
	5.000000000000000e-01

 91	5.367449497810611e-05
	4.819156635032144e-01
	5.000000000000000e-01

 92	5.467449497810611e-05
	4.883698157985857e-01
	5.000000000000000e-01

 93	5.567449497810611e-05
	4.819462172911712e-01
	5.000000000000000e-01

 94	5.667449497810610e-05
	4.883400301327697e-01
	5.000000000000000e-01

 95	5.767449497810610e-05
	4.820345126284012e-01
	5.000000000000000e-01

 96	5.867449497810610e-05
	4.882878631512280e-01
	5.000000000000000e-01

 97	5.967449497810609e-05
	4.820227518165626e-01
	5.000000000000000e-01

 98	6.067449497810609e-05
	4.882723178891430e-01
	5.000000000000000e-01

 99	6.167449497810609e-05
	4.821011021202559e-01
	5.000000000000000e-01

 100	6.267449497810609e-05
	4.882236472861321e-01
	5.000000000000000e-01

 101	6.367449497810608e-05
	4.821403821491490e-01
	5.000000000000000e-01

 102	6.467449497810608e-05
	4.881881561527785e-01
	5.000000000000000e-01

 103	6.567449497810608e-05
	4.821754986580357e-01
	5.000000000000000e-01

 104	6.667449497810608e-05
	4.881546571840686e-01
	5.000000000000000e-01

 105	6.767449497810607e-05
	4.822087150547180e-01
	5.000000000000000e-01

 106	6.867449497810607e-05
	4.881407578646443e-01
	5.000000000000000e-01

 107	6.967449497810607e-05
	4.822149954465477e-01
	5.000000000000000e-01

 108	7.067449497810606e-05
	4.881255080758338e-01
	5.000000000000000e-01

 109	7.167449497810606e-05
	4.822368595058660e-01
	5.000000000000000e-01

 110	7.267449497810606e-05
	4.880991593092029e-01
	5.000000000000000e-01

 111	7.367449497810606e-05
	4.822664580333051e-01
	5.000000000000000e-01

 112	7.467449497810605e-05
	4.880672058588112e-01
	5.000000000000000e-01

 113	7.567449497810605e-05
	4.823000638859791e-01
	5.000000000000000e-01

 114	7.667449497810605e-05
	4.880322570974638e-01
	5.000000000000000e-01

 115	7.767449497810604e-05
	4.823359047127849e-01
	5.000000000000000e-01

 116	7.867449497810604e-05
	4.879955556076132e-01
	5.000000000000000e-01

 117	7.967449497810604e-05
	4.823731345361901e-01
	5.000000000000000e-01

 118	8.067449497810604e-05
	4.879576962961492e-01
	5.000000000000000e-01

 119	8.167449497810603e-05
	4.824113463674265e-01
	5.000000000000000e-01

 120	8.267449497810603e-05
	4.879189671973573e-01
	5.000000000000000e-01

 121	8.367449497810603e-05
	4.824503412184640e-01
	5.000000000000000e-01

 122	8.467449497810602e-05
	4.878795109937245e-01
	5.000000000000000e-01

 123	8.567449497810602e-05
	4.824900186224756e-01
	5.000000000000000e-01

 124	8.667449497810602e-05
	4.878394015429309e-01
	5.000000000000000e-01

 125	8.767449497810602e-05
	4.825303247386014e-01
	5.000000000000000e-01

 126	8.867449497810601e-05
	4.877986801589711e-01
	5.000000000000000e-01

 127	8.967449497810601e-05
	4.825712277666551e-01
	5.000000000000000e-01

 128	9.067449497810601e-05
	4.877573727928069e-01
	5.000000000000000e-01

 129	9.167449497810601e-05
	4.826127062880498e-01
	5.000000000000000e-01

 130	9.267449497810600e-05
	4.877154981758745e-01
	5.000000000000000e-01

 131	9.367449497810600e-05
	4.826547437502904e-01
	5.000000000000000e-01

 132	9.467449497810600e-05
	4.876730716785798e-01
	5.000000000000000e-01

 133	9.567449497810599e-05
	4.826973258434022e-01
	5.000000000000000e-01

 134	9.667449497810599e-05
	4.876301071310831e-01
	5.000000000000000e-01

 135	9.767449497810599e-05
	4.827404392647813e-01
	5.000000000000000e-01

 136	9.867449497810599e-05
	4.875866176968435e-01
	5.000000000000000e-01

 137	9.967449497810598e-05
	4.827840711369047e-01
	5.000000000000000e-01

 138	1.006744949781060e-04
	4.875426162701020e-01
	5.000000000000000e-01

 139	1.016744949781060e-04
	4.828282087274699e-01
	5.000000000000000e-01

 140	1.026744949781060e-04
	4.874981156709767e-01
	5.000000000000000e-01

 141	1.036744949781060e-04
	4.828728393260013e-01
	5.000000000000000e-01

 142	1.046744949781060e-04
	4.874531287335135e-01
	5.000000000000000e-01

 143	1.056744949781060e-04
	4.829179501801225e-01
	5.000000000000000e-01

 144	1.066744949781060e-04
	4.874076683480391e-01
	5.000000000000000e-01

 145	1.076744949781060e-04
	4.829635284697459e-01
	5.000000000000000e-01

 146	1.086744949781060e-04
	4.873617474762720e-01
	5.000000000000000e-01

 147	1.096744949781060e-04
	4.830095612976436e-01
	5.000000000000000e-01

 148	1.106744949781060e-04
	4.873153791560970e-01
	5.000000000000000e-01

 149	1.116744949781059e-04
	4.830560356865985e-01
	5.000000000000000e-01

 150	1.126744949781059e-04
	4.872685765069799e-01
	5.000000000000000e-01

 151	1.136744949781059e-04
	4.831029385832276e-01
	5.000000000000000e-01

 152	1.146744949781059e-04
	4.872213527210807e-01
	5.000000000000000e-01

 153	1.156744949781059e-04
	4.831502568503322e-01
	5.000000000000000e-01

 154	1.166744949781059e-04
	4.871737210719695e-01
	5.000000000000000e-01

 155	1.176744949781059e-04
	4.831979772799554e-01
	5.000000000000000e-01

 156	1.186744949781059e-04
	4.871256948998285e-01
	5.000000000000000e-01

 157	1.196744949781059e-04
	4.832460865882867e-01
	5.000000000000000e-01

 158	1.206744949781059e-04
	4.870772876161841e-01
	5.000000000000000e-01

 159	1.216744949781059e-04
	4.832945714295078e-01
	5.000000000000000e-01

 160	1.226744949781059e-04
	4.870285126936655e-01
	5.000000000000000e-01

 161	1.236744949781059e-04
	4.833434183866048e-01
	5.000000000000000e-01

 162	1.246744949781059e-04
	4.869793836703914e-01
	5.000000000000000e-01

 163	1.256744949781059e-04
	4.833926139849865e-01
	5.000000000000000e-01

 164	1.266744949781059e-04
	4.869299141405287e-01
	5.000000000000000e-01

 165	1.276744949781059e-04
	4.834421446914433e-01
	5.000000000000000e-01

 166	1.286744949781059e-04
	4.868801177489402e-01
	5.000000000000000e-01

 167	1.296744949781059e-04
	4.834919969202295e-01
	5.000000000000000e-01

 168	1.306744949781059e-04
	4.868300081937614e-01
	5.000000000000000e-01

 169	1.316744949781059e-04
	4.835421570340940e-01
	5.000000000000000e-01

 170	1.326744949781059e-04
	4.867795992167747e-01
	5.000000000000000e-01

 171	1.336744949781059e-04
	4.835926113505827e-01
	5.000000000000000e-01

 172	1.346744949781059e-04
	4.867289046046225e-01
	5.000000000000000e-01

 173	1.356744949781059e-04
	4.836433461432927e-01
	5.000000000000000e-01

 174	1.366744949781059e-04
	4.866779381812278e-01
	5.000000000000000e-01

 175	1.376744949781059e-04
	4.836943476471558e-01
	5.000000000000000e-01

 176	1.386744949781059e-04
	4.866267138065578e-01
	5.000000000000000e-01

 177	1.396744949781059e-04
	4.837456020601466e-01
	5.000000000000000e-01

 178	1.406744949781059e-04
	4.865752453724696e-01
	5.000000000000000e-01

 179	1.416744949781059e-04
	4.837970955516963e-01
	5.000000000000000e-01

 180	1.426744949781059e-04
	4.865235467974191e-01
	5.000000000000000e-01

 181	1.436744949781059e-04
	4.838488142608697e-01
	5.000000000000000e-01

 182	1.446744949781059e-04
	4.864716320205494e-01
	5.000000000000000e-01

 183	1.456744949781059e-04
	4.839007443039222e-01
	5.000000000000000e-01

 184	1.466744949781059e-04
	4.864195150057973e-01
	5.000000000000000e-01

 185	1.476744949781058e-04
	4.839528717772699e-01
	5.000000000000000e-01

 186	1.486744949781058e-04
	4.863672097333575e-01
	5.000000000000000e-01

 187	1.496744949781058e-04
	4.840051827550808e-01
	5.000000000000000e-01

 188	1.506744949781058e-04
	4.863147301907397e-01
	5.000000000000000e-01

 189	1.516744949781058e-04
	4.840576633061218e-01
	5.000000000000000e-01

 190	1.526744949781058e-04
	4.862620903811663e-01
	5.000000000000000e-01

 191	1.536744949781058e-04
	4.841102994829979e-01
	5.000000000000000e-01

 192	1.546744949781058e-04
	4.862093043106316e-01
	5.000000000000000e-01

 193	1.556744949781058e-04
	4.841630773373471e-01
	5.000000000000000e-01

 194	1.566744949781058e-04
	4.861563859829092e-01
	5.000000000000000e-01

 195	1.576744949781058e-04
	4.842159829149265e-01
	5.000000000000000e-01

 196	1.586744949781058e-04
	4.861033494025169e-01
	5.000000000000000e-01

 197	1.596744949781058e-04
	4.842690022659836e-01
	5.000000000000000e-01

 198	1.606744949781058e-04
	4.860502085703967e-01
	5.000000000000000e-01

 199	1.616744949781058e-04
	4.843221214456465e-01
	5.000000000000000e-01

 200	1.626744949781058e-04
	4.859969774751513e-01
	5.000000000000000e-01

 201	1.636744949781058e-04
	4.843753265137357e-01
	5.000000000000000e-01

 202	1.646744949781058e-04
	4.859436700923010e-01
	5.000000000000000e-01

 203	1.656744949781058e-04
	4.844286035491775e-01
	5.000000000000000e-01

 204	1.666744949781058e-04
	4.858903003776465e-01
	5.000000000000000e-01

 205	1.676744949781058e-04
	4.844819386414423e-01
	5.000000000000000e-01

 206	1.686744949781058e-04
	4.858368822747202e-01
	5.000000000000000e-01

 207	1.696744949781058e-04
	4.845353179040550e-01
	5.000000000000000e-01

 208	1.706744949781058e-04
	4.857834296946976e-01
	5.000000000000000e-01

 209	1.716744949781058e-04
	4.845887274707473e-01
	5.000000000000000e-01

 210	1.726744949781058e-04
	4.857299565235156e-01
	5.000000000000000e-01

 211	1.736744949781058e-04
	4.846421535025889e-01
	5.000000000000000e-01

 212	1.746744949781058e-04
	4.856764766171603e-01
	5.000000000000000e-01

 213	1.756744949781058e-04
	4.846955821909919e-01
	5.000000000000000e-01

 214	1.766744949781058e-04
	4.856230037977964e-01
	5.000000000000000e-01

 215	1.776744949781058e-04
	4.847489997636303e-01
	5.000000000000000e-01

 216	1.786744949781058e-04
	4.855695518447767e-01
	5.000000000000000e-01

 217	1.796744949781058e-04
	4.848023924841413e-01
	5.000000000000000e-01

 218	1.806744949781058e-04
	4.855161344992649e-01
	5.000000000000000e-01

 219	1.816744949781058e-04
	4.848557466561715e-01
	5.000000000000000e-01

 220	1.826744949781058e-04
	4.854627654535262e-01
	5.000000000000000e-01

 221	1.836744949781057e-04
	4.849090486305964e-01
	5.000000000000000e-01

 222	1.846744949781057e-04
	4.854094583561321e-01
	5.000000000000000e-01

 223	1.856744949781057e-04
	4.849622848018750e-01
	5.000000000000000e-01

 224	1.866744949781057e-04
	4.853562267982195e-01
	5.000000000000000e-01

 225	1.876744949781057e-04
	4.850154416214220e-01
	5.000000000000000e-01

 226	1.886744949781057e-04
	4.853030843168248e-01
	5.000000000000000e-01

 227	1.896744949781057e-04
	4.850685055897989e-01
	5.000000000000000e-01

 228	1.906744949781057e-04
	4.852500443932217e-01
	5.000000000000000e-01

 229	1.916744949781057e-04
	4.851214632700437e-01
	5.000000000000000e-01

 230	1.926744949781057e-04
	4.851971204398894e-01
	5.000000000000000e-01

 231	1.936744949781057e-04
	4.851743012831483e-01
	5.000000000000000e-01

 232	1.946744949781057e-04
	4.851443258082674e-01
	5.000000000000000e-01

 233	1.956744949781057e-04
	4.852270063201444e-01
	5.000000000000000e-01

 234	1.966744949781057e-04
	4.850916737764631e-01
	5.000000000000000e-01

 235	1.976744949781057e-04
	4.852795651352469e-01
	5.000000000000000e-01

 236	1.986744949781057e-04
	4.850391775566548e-01
	5.000000000000000e-01

 237	1.996744949781057e-04
	4.853319645542382e-01
	5.000000000000000e-01

 238	2.006744949781057e-04
	4.849868502775521e-01
	5.000000000000000e-01

 239	2.010000010000000e-04
	4.854379613188031e-01
	5.000000000000000e-01

 240	2.010000011000000e-04
	4.854360956209664e-01
	4.799999989957139e-01

 241	2.010000013000000e-04
	4.854331875782243e-01
	4.399999969871417e-01

 242	2.010000017000000e-04
	4.854275576272882e-01
	3.599999983910080e-01

 243	2.010000020000000e-04
	4.854228886652340e-01
	3.000000000000000e-01

 244	2.010000020800000e-04
	4.854231886712201e-01
	3.000000000000000e-01

 245	2.010000022400000e-04
	4.854229392425524e-01
	3.000000000000000e-01

 246	2.010000025600000e-04
	4.854219086956388e-01
	3.000000000000000e-01

 247	2.010000032000000e-04
	4.854202511137843e-01
	3.000000000000000e-01

 248	2.010000044800000e-04
	4.854166324218261e-01
	3.000000000000000e-01

 249	2.010000070399999e-04
	4.854098162450473e-01
	3.000000000000000e-01

 250	2.010000121599999e-04
	4.853963330791638e-01
	3.000000000000000e-01

 251	2.010000223999999e-04
	4.853712885166313e-01
	3.000000000000000e-01

 252	2.010000428799998e-04
	4.853264988661388e-01
	3.000000000000000e-01

 253	2.010000838399996e-04
	4.852537737756573e-01
	3.000000000000000e-01

 254	2.010001657599993e-04
	4.851460009132422e-01
	3.000000000000000e-01

 255	2.010003295999986e-04
	4.849821968505146e-01
	3.000000000000000e-01

 256	2.010006572799973e-04
	4.846487057777221e-01
	3.000000000000000e-01

 257	2.010013126399947e-04
	4.836986492032093e-01
	3.000000000000000e-01

 258	2.010026233599895e-04
	4.805891917301513e-01
	3.000000000000000e-01

 259	2.010052447999790e-04
	4.719614511927322e-01
	3.000000000000000e-01

 260	2.010104876799581e-04
	4.582606556017519e-01
	3.000000000000000e-01

 261	2.010209734399162e-04
	4.395745739014279e-01
	3.000000000000000e-01

 262	2.010375067967717e-04
	4.041501380961131e-01
	3.000000000000000e-01

 263	2.010705001840246e-04
	3.620573624601067e-01
	3.000000000000000e-01

 264	2.011152422020847e-04
	3.234603545609481e-01
	3.000000000000000e-01

 265	2.011877530044477e-04
	2.997029648642081e-01
	3.000000000000000e-01

 266	2.013147992226213e-04
	2.886349101446970e-01
	3.000000000000000e-01

 267	2.014348725342236e-04
	2.894806118308070e-01
	3.000000000000000e-01

 268	2.016750191574283e-04
	2.889375109800162e-01
	3.000000000000000e-01

 269	2.020628801569604e-04
	2.893234725842234e-01
	3.000000000000000e-01

 270	2.028386021560247e-04
	2.890255718914384e-01
	3.000000000000000e-01

 271	2.038386021560247e-04
	2.892738445496280e-01
	3.000000000000000e-01

 272	2.048386021560247e-04
	2.890720346457404e-01
	3.000000000000000e-01

 273	2.058386021560247e-04
	2.892271318163054e-01
	3.000000000000000e-01

 274	2.068386021560247e-04
	2.891191911238183e-01
	3.000000000000000e-01

 275	2.078386021560247e-04
	2.891805394370653e-01
	3.000000000000000e-01

 276	2.088386021560246e-04
	2.891655782596480e-01
	3.000000000000000e-01

 277	2.098386021560246e-04
	2.891345703548720e-01
	3.000000000000000e-01

 278	2.108386021560246e-04
	2.892113994082436e-01
	3.000000000000000e-01

 279	2.118386021560246e-04
	2.890890835528558e-01
	3.000000000000000e-01

 280	2.128386021560246e-04
	2.892567673108989e-01
	3.000000000000000e-01

 281	2.138386021560246e-04
	2.890439960982488e-01
	3.000000000000000e-01

 282	2.148386021560246e-04
	2.893017440617865e-01
	3.000000000000000e-01

 283	2.158386021560246e-04
	2.889992633349005e-01
	3.000000000000000e-01

 284	2.168386021560246e-04
	2.893463615707539e-01
	3.000000000000000e-01

 285	2.178386021560246e-04
	2.889548637500047e-01
	3.000000000000000e-01

 286	2.188386021560246e-04
	2.893906336697568e-01
	3.000000000000000e-01

 287	2.198386021560246e-04
	2.889107897364210e-01
	3.000000000000000e-01

 288	2.208386021560246e-04
	2.894345634006264e-01
	3.000000000000000e-01

 289	2.218386021560246e-04
	2.888670420003381e-01
	3.000000000000000e-01

 290	2.228386021560246e-04
	2.894781473979038e-01
	3.000000000000000e-01

 291	2.238386021560246e-04
	2.888236261883311e-01
	3.000000000000000e-01

 292	2.248386021560246e-04
	2.895213785305962e-01
	3.000000000000000e-01

 293	2.258386021560246e-04
	2.887805508488123e-01
	3.000000000000000e-01

 294	2.268386021560246e-04
	2.895642474903845e-01
	3.000000000000000e-01

 295	2.278386021560246e-04
	2.887378261988485e-01
	3.000000000000000e-01

 296	2.288386021560246e-04
	2.896067437490210e-01
	3.000000000000000e-01

 297	2.298386021560246e-04
	2.886954633832696e-01
	3.000000000000000e-01

 298	2.308386021560246e-04
	2.896488561349249e-01
	3.000000000000000e-01

 299	2.318386021560246e-04
	2.886534740205470e-01
	3.000000000000000e-01

 300	2.328386021560246e-04
	2.896905731856232e-01
	3.000000000000000e-01

 301	2.338386021560246e-04
	2.886118699313679e-01
	3.000000000000000e-01

 302	2.348386021560246e-04
	2.897318833498053e-01
	3.000000000000000e-01

 303	2.358386021560246e-04
	2.885706629747169e-01
	3.000000000000000e-01

 304	2.368386021560246e-04
	2.897727751209495e-01
	3.000000000000000e-01

 305	2.378386021560246e-04
	2.885298649435495e-01
	3.000000000000000e-01

 306	2.388386021560246e-04
	2.898132371113307e-01
	3.000000000000000e-01

 307	2.398386021560246e-04
	2.884894875085504e-01
	3.000000000000000e-01

 308	2.408386021560246e-04
	2.898532580950026e-01
	3.000000000000000e-01

 309	2.418386021560246e-04
	2.884495421762241e-01
	3.000000000000000e-01

 310	2.428386021560246e-04
	2.898928270429762e-01
	3.000000000000000e-01

 311	2.438386021560246e-04
	2.884100402686999e-01
	3.000000000000000e-01

 312	2.448386021560246e-04
	2.899319331334290e-01
	3.000000000000000e-01

 313	2.458386021560246e-04
	2.883709929076335e-01
	3.000000000000000e-01

 314	2.468386021560246e-04
	2.899705657642135e-01
	3.000000000000000e-01

 315	2.478386021560246e-04
	2.883324110053804e-01
	3.000000000000000e-01

 316	2.488386021560247e-04
	2.900087145619530e-01
	3.000000000000000e-01

 317	2.498386021560247e-04
	2.882943052590840e-01
	3.000000000000000e-01

 318	2.508386021560247e-04
	2.900463693827484e-01
	3.000000000000000e-01

 319	2.518386021560247e-04
	2.882566861460293e-01
	3.000000000000000e-01

 320	2.528386021560248e-04
	2.900835203160170e-01
	3.000000000000000e-01

 321	2.538386021560248e-04
	2.882195639212122e-01
	3.000000000000000e-01

 322	2.548386021560248e-04
	2.901201576843906e-01
	3.000000000000000e-01

 323	2.558386021560248e-04
	2.881829486158622e-01
	3.000000000000000e-01

 324	2.568386021560249e-04
	2.901562720478248e-01
	3.000000000000000e-01

 325	2.578386021560249e-04
	2.881468500357071e-01
	3.000000000000000e-01

 326	2.588386021560249e-04
	2.901918541993321e-01
	3.000000000000000e-01

 327	2.598386021560249e-04
	2.881112777587009e-01
	3.000000000000000e-01

 328	2.608386021560250e-04
	2.902268951692767e-01
	3.000000000000000e-01

 329	2.618386021560250e-04
	2.880762411350222e-01
	3.000000000000000e-01

 330	2.628386021560250e-04
	2.902613862246475e-01
	3.000000000000000e-01

 331	2.638386021560250e-04
	2.880417492844169e-01
	3.000000000000000e-01

 332	2.648386021560251e-04
	2.902953188680926e-01
	3.000000000000000e-01

 333	2.658386021560251e-04
	2.880078110990555e-01
	3.000000000000000e-01

 334	2.668386021560251e-04
	2.903286848384574e-01
	3.000000000000000e-01

 335	2.678386021560251e-04
	2.879744352390410e-01
	3.000000000000000e-01

 336	2.688386021560252e-04
	2.903614761091093e-01
	3.000000000000000e-01

 337	2.698386021560252e-04
	2.879416301326796e-01
	3.000000000000000e-01

 338	2.708386021560252e-04
	2.903936848914768e-01
	3.000000000000000e-01

 339	2.718386021560252e-04
	2.879094039781286e-01
	3.000000000000000e-01

 340	2.728386021560253e-04
	2.904253036316504e-01
	3.000000000000000e-01

 341	2.738386021560253e-04
	2.878777647394737e-01
	3.000000000000000e-01

 342	2.748386021560253e-04
	2.904563250097592e-01
	3.000000000000000e-01

 343	2.758386021560253e-04
	2.878467201493312e-01
	3.000000000000000e-01

 344	2.768386021560254e-04
	2.904867419428983e-01
	3.000000000000000e-01

 345	2.778386021560254e-04
	2.878162777054625e-01
	3.000000000000000e-01

 346	2.788386021560254e-04
	2.905165475819169e-01
	3.000000000000000e-01

 347	2.798386021560254e-04
	2.877864446731224e-01
	3.000000000000000e-01

 348	2.808386021560255e-04
	2.905457353123980e-01
	3.000000000000000e-01

 349	2.818386021560255e-04
	2.877572280838483e-01
	3.000000000000000e-01

 350	2.828386021560255e-04
	2.905742987526977e-01
	3.000000000000000e-01

 351	2.838386021560255e-04
	2.877286347329319e-01
	3.000000000000000e-01

 352	2.848386021560255e-04
	2.906022317582972e-01
	3.000000000000000e-01

 353	2.858386021560256e-04
	2.877006711811936e-01
	3.000000000000000e-01

 354	2.868386021560256e-04
	2.906295284161838e-01
	3.000000000000000e-01

 355	2.878386021560256e-04
	2.876733437562649e-01
	3.000000000000000e-01

 356	2.888386021560256e-04
	2.906561830450099e-01
	3.000000000000000e-01

 357	2.898386021560257e-04
	2.876466585480231e-01
	3.000000000000000e-01

 358	2.908386021560257e-04
	2.906821902001271e-01
	3.000000000000000e-01

 359	2.918386021560257e-04
	2.876206214121590e-01
	3.000000000000000e-01

 360	2.928386021560257e-04
	2.907075446669160e-01
	3.000000000000000e-01

 361	2.938386021560258e-04
	2.875952379674920e-01
	3.000000000000000e-01

 362	2.948386021560258e-04
	2.907322414625942e-01
	3.000000000000000e-01

 363	2.958386021560258e-04
	2.875705135986981e-01
	3.000000000000000e-01

 364	2.968386021560258e-04
	2.907562758365423e-01
	3.000000000000000e-01

 365	2.978386021560259e-04
	2.875464534519312e-01
	3.000000000000000e-01

 366	2.988386021560259e-04
	2.907796432719270e-01
	3.000000000000000e-01

 367	2.998386021560259e-04
	2.875230624383632e-01
	3.000000000000000e-01

 368	3.008386021560259e-04
	2.908023394803387e-01
	3.000000000000000e-01

 369	3.018386021560260e-04
	2.875003452330046e-01
	3.000000000000000e-01

 370	3.028386021560260e-04
	2.908243604051633e-01
	3.000000000000000e-01

 371	3.038386021560260e-04
	2.874783062722157e-01
	3.000000000000000e-01

 372	3.048386021560260e-04
	2.908457022209007e-01
	3.000000000000000e-01

 373	3.058386021560261e-04
	2.874569497587673e-01
	3.000000000000000e-01

 374	3.068386021560261e-04
	2.908663613295659e-01
	3.000000000000000e-01

 375	3.078386021560261e-04
	2.874362796564401e-01
	3.000000000000000e-01

 376	3.088386021560261e-04
	2.908863343657963e-01
	3.000000000000000e-01

 377	3.098386021560262e-04
	2.874162996939457e-01
	3.000000000000000e-01

 378	3.108386021560262e-04
	2.909056181915747e-01
	3.000000000000000e-01

 379	3.118386021560262e-04
	2.873970133618723e-01
	3.000000000000000e-01

 380	3.128386021560262e-04
	2.909242098986066e-01
	3.000000000000000e-01

 381	3.138386021560263e-04
	2.873784239154556e-01
	3.000000000000000e-01

 382	3.148386021560263e-04
	2.909421068066692e-01
	3.000000000000000e-01

 383	3.158386021560263e-04
	2.873605343719778e-01
	3.000000000000000e-01

 384	3.168386021560263e-04
	2.909593064643388e-01
	3.000000000000000e-01

 385	3.178386021560264e-04
	2.873433475126007e-01
	3.000000000000000e-01

 386	3.188386021560264e-04
	2.909758066475113e-01
	3.000000000000000e-01

 387	3.198386021560264e-04
	2.873268658816694e-01
	3.000000000000000e-01

 388	3.208386021560264e-04
	2.909916053587351e-01
	3.000000000000000e-01

 389	3.218386021560264e-04
	2.873110917883618e-01
	3.000000000000000e-01

 390	3.228386021560265e-04
	2.910067008274386e-01
	3.000000000000000e-01

 391	3.238386021560265e-04
	2.872960273037021e-01
	3.000000000000000e-01

 392	3.248386021560265e-04
	2.910210915106428e-01
	3.000000000000000e-01

 393	3.258386021560265e-04
	2.872816742637456e-01
	3.000000000000000e-01

 394	3.268386021560266e-04
	2.910347760903722e-01
	3.000000000000000e-01

 395	3.278386021560266e-04
	2.872680342686973e-01
	3.000000000000000e-01

 396	3.288386021560266e-04
	2.910477534733583e-01
	3.000000000000000e-01

 397	3.298386021560266e-04
	2.872551086810500e-01
	3.000000000000000e-01

 398	3.308386021560267e-04
	2.910600227929027e-01
	3.000000000000000e-01

 399	3.318386021560267e-04
	2.872428986307150e-01
	3.000000000000000e-01

 400	3.328386021560267e-04
	2.910715834054350e-01
	3.000000000000000e-01

 401	3.338386021560267e-04
	2.872314050099904e-01
	3.000000000000000e-01

 402	3.348386021560268e-04
	2.910824348920659e-01
	3.000000000000000e-01

 403	3.358386021560268e-04
	2.872206284768307e-01
	3.000000000000000e-01

 404	3.368386021560268e-04
	2.910925770575614e-01
	3.000000000000000e-01

 405	3.378386021560268e-04
	2.872105694541354e-01
	3.000000000000000e-01

 406	3.388386021560269e-04
	2.911020099284401e-01
	3.000000000000000e-01

 407	3.398386021560269e-04
	2.872012281312998e-01
	3.000000000000000e-01

 408	3.408386021560269e-04
	2.911107337540390e-01
	3.000000000000000e-01

 409	3.418386021560269e-04
	2.871926044628195e-01
	3.000000000000000e-01

 410	3.428386021560270e-04
	2.911187490049506e-01
	3.000000000000000e-01

 411	3.438386021560270e-04
	2.871846981695436e-01
	3.000000000000000e-01

 412	3.448386021560270e-04
	2.911260563738766e-01
	3.000000000000000e-01

 413	3.458386021560270e-04
	2.871775087403080e-01
	3.000000000000000e-01

 414	3.468386021560271e-04
	2.911326567725279e-01
	3.000000000000000e-01

 415	3.478386021560271e-04
	2.871710354299316e-01
	3.000000000000000e-01

 416	3.488386021560271e-04
	2.911385513328213e-01
	3.000000000000000e-01

 417	3.498386021560271e-04
	2.871652772627273e-01
	3.000000000000000e-01

 418	3.508386021560272e-04
	2.911437414038505e-01
	3.000000000000000e-01

 419	3.518386021560272e-04
	2.871602330295170e-01
	3.000000000000000e-01

 420	3.528386021560272e-04
	2.911482285552855e-01
	3.000000000000000e-01

 421	3.538386021560272e-04
	2.871559012924213e-01
	3.000000000000000e-01

 422	3.548386021560273e-04
	2.911520145710451e-01
	3.000000000000000e-01

 423	3.558386021560273e-04
	2.871522803820745e-01
	3.000000000000000e-01

 424	3.568386021560273e-04
	2.911551014549719e-01
	3.000000000000000e-01

 425	3.578386021560273e-04
	2.871493683989870e-01
	3.000000000000000e-01

 426	3.588386021560273e-04
	2.911574914231973e-01
	3.000000000000000e-01

 427	3.598386021560274e-04
	2.871471632168188e-01
	3.000000000000000e-01

 428	3.608386021560274e-04
	2.911591869067720e-01
	3.000000000000000e-01

 429	3.618386021560274e-04
	2.871456624808257e-01
	3.000000000000000e-01

 430	3.628386021560274e-04
	2.911601905512557e-01
	3.000000000000000e-01

 431	3.638386021560275e-04
	2.871448636083019e-01
	3.000000000000000e-01

 432	3.648386021560275e-04
	2.911605052137169e-01
	3.000000000000000e-01

 433	3.658386021560275e-04
	2.871447637909116e-01
	3.000000000000000e-01

 434	3.668386021560275e-04
	2.911601339640699e-01
	3.000000000000000e-01

 435	3.678386021560276e-04
	2.871453599950433e-01
	3.000000000000000e-01

 436	3.688386021560276e-04
	2.911590800802423e-01
	3.000000000000000e-01

 437	3.698386021560276e-04
	2.871466489652515e-01
	3.000000000000000e-01

 438	3.708386021560276e-04
	2.911573470478341e-01
	3.000000000000000e-01

 439	3.718386021560277e-04
	2.871486272210420e-01
	3.000000000000000e-01

 440	3.728386021560277e-04
	2.911549385642135e-01
	3.000000000000000e-01

 441	3.738386021560277e-04
	2.871512910611221e-01
	3.000000000000000e-01

 442	3.748386021560277e-04
	2.911518585306833e-01
	3.000000000000000e-01

 443	3.758386021560278e-04
	2.871546365640287e-01
	3.000000000000000e-01

 444	3.768386021560278e-04
	2.911481110522544e-01
	3.000000000000000e-01

 445	3.778386021560278e-04
	2.871586595893771e-01
	3.000000000000000e-01

 446	3.788386021560278e-04
	2.911437004381166e-01
	3.000000000000000e-01

 447	3.798386021560279e-04
	2.871633557795807e-01
	3.000000000000000e-01

 448	3.808386021560279e-04
	2.911386312009557e-01
	3.000000000000000e-01

 449	3.818386021560279e-04
	2.871687205603769e-01
	3.000000000000000e-01

 450	3.828386021560279e-04
	2.911329080515386e-01
	3.000000000000000e-01

 451	3.838386021560280e-04
	2.871747491441699e-01
	3.000000000000000e-01

 452	3.848386021560280e-04
	2.911265359009172e-01
	3.000000000000000e-01

 453	3.858386021560280e-04
	2.871814365297852e-01
	3.000000000000000e-01

 454	3.868386021560280e-04
	2.911195198543881e-01
	3.000000000000000e-01

 455	3.878386021560281e-04
	2.871887775057431e-01
	3.000000000000000e-01

 456	3.888386021560281e-04
	2.911118652160554e-01
	3.000000000000000e-01

 457	3.898386021560281e-04
	2.871967666514619e-01
	3.000000000000000e-01

 458	3.908386021560281e-04
	2.911035774796066e-01
	3.000000000000000e-01

 459	3.918386021560281e-04
	2.872053983393245e-01
	3.000000000000000e-01

 460	3.928386021560282e-04
	2.910946623321085e-01
	3.000000000000000e-01

 461	3.938386021560282e-04
	2.872146667356114e-01
	3.000000000000000e-01

 462	3.948386021560282e-04
	2.910851256496441e-01
	3.000000000000000e-01

 463	3.958386021560282e-04
	2.872245658052520e-01
	3.000000000000000e-01

 464	3.968386021560283e-04
	2.910749734940569e-01
	3.000000000000000e-01

 465	3.978386021560283e-04
	2.872350893118938e-01
	3.000000000000000e-01

 466	3.988386021560283e-04
	2.910642121127972e-01
	3.000000000000000e-01

 467	3.998386021560283e-04
	2.872462308214419e-01
	3.000000000000000e-01

 468	4.008386021560284e-04
	2.910528479350833e-01
	3.000000000000000e-01

 469	4.010000000000000e-04
	2.873127396885506e-01
	3.000000000000000e-01

