Title: test opamp tran
Date: Wed Sep 16 09:53:15  2026
Command: ngspice-45.2, Build Sep  6 2025   16:26:01
Plotname: Transient Analysis
Flags: real
No. Variables: 3
No. Points: 751
Variables:
	0	time	time
	1	v(vout3)	voltage
	2	v(visr)	voltage
Values:
 0	0.000000000000000e+00
	2.976111928577550e-01
	3.000000000000000e-01

 1	1.000000000000000e-08
	2.976111928575068e-01
	3.000000000000000e-01

 2	2.000000000000000e-08
	2.976111928572659e-01
	3.000000000000000e-01

 3	4.000000000000000e-08
	2.976111928568118e-01
	3.000000000000000e-01

 4	8.000000000000000e-08
	2.976111928561624e-01
	3.000000000000000e-01

 5	1.600000000000000e-07
	2.976111928565475e-01
	3.000000000000000e-01

 6	3.200000000000000e-07
	2.976111928529686e-01
	3.000000000000000e-01

 7	6.400000000000000e-07
	2.976111928483284e-01
	3.000000000000000e-01

 8	1.000000000000000e-06
	2.976111928597728e-01
	3.000000000000000e-01

 9	1.000000100000000e-06
	2.976152528183926e-01
	3.199999999878466e-01

 10	1.000000300000000e-06
	2.976233140224637e-01
	3.600000000058914e-01

 11	1.000000700000000e-06
	2.976383983466316e-01
	4.399999999996294e-01

 12	1.000001000000000e-06
	2.976486445543773e-01
	5.000000000000000e-01

 13	1.000001080000000e-06
	2.976489949132649e-01
	5.000000000000000e-01

 14	1.000001240000000e-06
	2.976492270756117e-01
	5.000000000000000e-01

 15	1.000001560000000e-06
	2.976491410505797e-01
	5.000000000000000e-01

 16	1.000002200000000e-06
	2.976491977584497e-01
	5.000000000000000e-01

 17	1.000003480000000e-06
	2.976491535171197e-01
	5.000000000000000e-01

 18	1.000006040000000e-06
	2.976491971372021e-01
	5.000000000000000e-01

 19	1.000011160000000e-06
	2.976491621196906e-01
	5.000000000000000e-01

 20	1.000021400000001e-06
	2.976492085684631e-01
	5.000000000000000e-01

 21	1.000041880000001e-06
	2.976491855194687e-01
	5.000000000000000e-01

 22	1.000082840000002e-06
	2.976492480822535e-01
	5.000000000000000e-01

 23	1.000164760000004e-06
	2.976492442417517e-01
	5.000000000000000e-01

 24	1.000328600000009e-06
	2.976492978467173e-01
	5.000000000000000e-01

 25	1.000656280000018e-06
	2.976491522175057e-01
	5.000000000000000e-01

 26	1.001311640000036e-06
	2.976486246497375e-01
	5.000000000000000e-01

 27	1.002622360000072e-06
	2.976465934378261e-01
	5.000000000000000e-01

 28	1.005243800000145e-06
	2.976403439897571e-01
	5.000000000000000e-01

 29	1.010486680000290e-06
	2.976228067059861e-01
	5.000000000000000e-01

 30	1.020972440000579e-06
	2.976150736947028e-01
	5.000000000000000e-01

 31	1.037243446011831e-06
	2.979635953367172e-01
	5.000000000000000e-01

 32	1.055490224931476e-06
	2.993737679972367e-01
	5.000000000000000e-01

 33	1.068027171649831e-06
	3.012619516339574e-01
	5.000000000000000e-01

 34	1.082402684023668e-06
	3.046181153059401e-01
	5.000000000000000e-01

 35	1.098707597326275e-06
	3.098754631369952e-01
	5.000000000000000e-01

 36	1.116576731039157e-06
	3.167292911719916e-01
	5.000000000000000e-01

 37	1.152314998464921e-06
	3.311541676833101e-01
	5.000000000000000e-01

 38	1.198995182365989e-06
	3.500335159441434e-01
	5.000000000000000e-01

 39	1.292355550168125e-06
	3.870926600464227e-01
	5.000000000000000e-01

 40	1.416303885982024e-06
	4.328725749397681e-01
	5.000000000000000e-01

 41	1.535645243633498e-06
	4.675557440391127e-01
	5.000000000000000e-01

 42	1.664322885739937e-06
	4.889679666805988e-01
	5.000000000000000e-01

 43	1.787220946488858e-06
	4.974751581699188e-01
	5.000000000000000e-01

 44	1.936862808886173e-06
	5.012238523693157e-01
	5.000000000000000e-01

 45	2.236146533680804e-06
	5.030792679339694e-01
	5.000000000000000e-01

 46	2.589466490989631e-06
	5.031814368067916e-01
	5.000000000000000e-01

 47	3.095288773001966e-06
	4.935436097758719e-01
	5.000000000000000e-01

 48	3.517461171937288e-06
	4.941340013368189e-01
	5.000000000000000e-01

 49	3.899841813716928e-06
	5.027206802483364e-01
	5.000000000000000e-01

 50	4.088201117422919e-06
	5.031852523142712e-01
	5.000000000000000e-01

 51	4.237095594685527e-06
	5.032474881626302e-01
	5.000000000000000e-01

 52	4.391256630699700e-06
	5.032412861495743e-01
	5.000000000000000e-01

 53	4.535685760910270e-06
	5.030398731308737e-01
	5.000000000000000e-01

 54	4.758678391354030e-06
	5.002496013666377e-01
	5.000000000000000e-01

 55	5.123209647749519e-06
	4.918802208867771e-01
	5.000000000000000e-01

 56	5.463506094187245e-06
	4.945650275681601e-01
	5.000000000000000e-01

 57	5.716284723490019e-06
	5.008478603792935e-01
	5.000000000000000e-01

 58	5.845806134149975e-06
	5.017603762796778e-01
	5.000000000000000e-01

 59	5.963350483058906e-06
	5.020566024983953e-01
	5.000000000000000e-01

 60	6.084181132754627e-06
	5.021814316952921e-01
	5.000000000000000e-01

 61	6.226697357274789e-06
	5.021631178362748e-01
	5.000000000000000e-01

 62	6.511729806315113e-06
	4.988555669168907e-01
	5.000000000000000e-01

 63	6.849047855499556e-06
	4.934846636181634e-01
	5.000000000000000e-01

 64	7.212889556884522e-06
	4.962836315249254e-01
	5.000000000000000e-01

 65	7.466601699521836e-06
	5.003845662745521e-01
	5.000000000000000e-01

 66	7.655480307149509e-06
	5.012923680526613e-01
	5.000000000000000e-01

 67	7.843620157428426e-06
	5.014805880258432e-01
	5.000000000000000e-01

 68	8.017046050808621e-06
	5.005390062574699e-01
	5.000000000000000e-01

 69	8.244220142397298e-06
	4.946121093047677e-01
	5.000000000000000e-01

 70	8.474759622317249e-06
	4.929920667973330e-01
	5.000000000000000e-01

 71	8.658459152431224e-06
	4.974791336448653e-01
	5.000000000000000e-01

 72	8.764585771892561e-06
	4.992476537334504e-01
	5.000000000000000e-01

 73	8.860223033701067e-06
	5.001485111443728e-01
	5.000000000000000e-01

 74	8.963684463510904e-06
	5.007093908948766e-01
	5.000000000000000e-01

 75	9.066960766564577e-06
	5.010203040120994e-01
	5.000000000000000e-01

 76	9.179911060382123e-06
	5.011641680452581e-01
	5.000000000000000e-01

 77	9.351914900926165e-06
	5.006458460358922e-01
	5.000000000000000e-01

 78	9.695922582014248e-06
	4.941746886637527e-01
	5.000000000000000e-01

 79	1.001550296459282e-05
	4.943820445444931e-01
	5.000000000000000e-01

 80	1.025020530925947e-05
	4.997704546048438e-01
	5.000000000000000e-01

 81	1.037946022544451e-05
	5.009743243227422e-01
	5.000000000000000e-01

 82	1.048580944562222e-05
	5.013895026627913e-01
	5.000000000000000e-01

 83	1.059609695659769e-05
	5.016010909210418e-01
	5.000000000000000e-01

 84	1.072518174219883e-05
	5.016634166650711e-01
	5.000000000000000e-01

 85	1.098335131340111e-05
	4.995259305538948e-01
	5.000000000000000e-01

 86	1.133673483654128e-05
	4.937990908616751e-01
	5.000000000000000e-01

 87	1.173227198395179e-05
	4.960310712403915e-01
	5.000000000000000e-01

 88	1.194895471782204e-05
	5.000772692782847e-01
	5.000000000000000e-01

 89	1.209753753259788e-05
	5.010912080613921e-01
	5.000000000000000e-01

 90	1.222537582463503e-05
	5.014327424700872e-01
	5.000000000000000e-01

 91	1.235727001196172e-05
	5.015551251168719e-01
	5.000000000000000e-01

 92	1.254420152538715e-05
	5.009563432257585e-01
	5.000000000000000e-01

 93	1.291806455223801e-05
	4.937426097338823e-01
	5.000000000000000e-01

 94	1.327180931105762e-05
	4.944321998977850e-01
	5.000000000000000e-01

 95	1.352967804695926e-05
	5.005178064089549e-01
	5.000000000000000e-01

 96	1.365567671285210e-05
	5.014844686676486e-01
	5.000000000000000e-01

 97	1.376754178537895e-05
	5.018137995679403e-01
	5.000000000000000e-01

 98	1.388333518983725e-05
	5.019672312206991e-01
	5.000000000000000e-01

 99	1.401277562830768e-05
	5.019981806969985e-01
	5.000000000000000e-01

 100	1.427165650524852e-05
	5.000209409206586e-01
	5.000000000000000e-01

 101	1.464452382657827e-05
	4.933640414544108e-01
	5.000000000000000e-01

 102	1.502433414936900e-05
	4.954671962149499e-01
	5.000000000000000e-01

 103	1.527728125558920e-05
	5.006373801112938e-01
	5.000000000000000e-01

 104	1.542827935606827e-05
	5.015408920901607e-01
	5.000000000000000e-01

 105	1.555841981093866e-05
	5.018102150562029e-01
	5.000000000000000e-01

 106	1.569289760128873e-05
	5.018998343818024e-01
	5.000000000000000e-01

 107	1.585765713857104e-05
	5.015690913797336e-01
	5.000000000000000e-01

 108	1.618717621313565e-05
	4.934373015509792e-01
	5.000000000000000e-01

 109	1.647595670051743e-05
	4.928252367248696e-01
	5.000000000000000e-01

 110	1.669666681332415e-05
	4.994497005266980e-01
	5.000000000000000e-01

 111	1.681538310499343e-05
	5.009945078230952e-01
	5.000000000000000e-01

 112	1.690799219422536e-05
	5.014920652981223e-01
	5.000000000000000e-01

 113	1.700444986226553e-05
	5.017613223829204e-01
	5.000000000000000e-01

 114	1.710425816870792e-05
	5.018866650258591e-01
	5.000000000000000e-01

 115	1.730387478159268e-05
	5.014654644963898e-01
	5.000000000000000e-01

 116	1.770310800736222e-05
	4.937064956421360e-01
	5.000000000000000e-01

 117	1.804831844952022e-05
	4.942011115277730e-01
	5.000000000000000e-01

 118	1.829162905806827e-05
	5.002584076705151e-01
	5.000000000000000e-01

 119	1.841378821439426e-05
	5.013401794403811e-01
	5.000000000000000e-01

 120	1.851964723588123e-05
	5.017145663828620e-01
	5.000000000000000e-01

 121	1.862991119687820e-05
	5.018972327157339e-01
	5.000000000000000e-01

 122	1.875423161435838e-05
	5.019569712639702e-01
	5.000000000000000e-01

 123	1.900287244931874e-05
	5.004298278432573e-01
	5.000000000000000e-01

 124	1.940214166287389e-05
	4.934916752454575e-01
	5.000000000000000e-01

 125	1.978265058974715e-05
	4.953430630134791e-01
	5.000000000000000e-01

 126	2.001113386027408e-05
	5.002742549556297e-01
	5.000000000000000e-01

 127	2.014532373505258e-05
	5.012755752182930e-01
	5.000000000000000e-01

 128	2.026234484336308e-05
	5.016209020418047e-01
	5.000000000000000e-01

 129	2.038465491090175e-05
	5.017774401284056e-01
	5.000000000000000e-01

 130	2.054461490690945e-05
	5.016916868632907e-01
	5.000000000000000e-01

 131	2.086453489892484e-05
	4.958312874412930e-01
	5.000000000000000e-01

 132	2.114331732355809e-05
	4.937651572986083e-01
	5.000000000000000e-01

 133	2.142954474791455e-05
	4.986170027375810e-01
	5.000000000000000e-01

 134	2.157248559788018e-05
	5.000501363606337e-01
	5.000000000000000e-01

 135	2.170184078561957e-05
	5.006533057224790e-01
	5.000000000000000e-01

 136	2.183933041644234e-05
	5.009021772811595e-01
	5.000000000000000e-01

 137	2.202663842850350e-05
	5.000164512158164e-01
	5.000000000000000e-01

 138	2.235849533672047e-05
	4.943237981632072e-01
	5.000000000000000e-01

 139	2.267993825315772e-05
	4.950630637337597e-01
	5.000000000000000e-01

 140	2.288833979732252e-05
	4.994534069697366e-01
	5.000000000000000e-01

 141	2.300787324734697e-05
	5.005916352747057e-01
	5.000000000000000e-01

 142	2.310764955514126e-05
	5.010491470593579e-01
	5.000000000000000e-01

 143	2.321467142141416e-05
	5.013118138522604e-01
	5.000000000000000e-01

 144	2.335499598956620e-05
	5.013945244602167e-01
	5.000000000000000e-01

 145	2.362466698937152e-05
	4.985156225405019e-01
	5.000000000000000e-01

 146	2.395688961567556e-05
	4.943257192296150e-01
	5.000000000000000e-01

 147	2.429916334053001e-05
	4.968486342515758e-01
	5.000000000000000e-01

 148	2.449246142543020e-05
	4.995364680702879e-01
	5.000000000000000e-01

 149	2.467030702239905e-05
	5.005823089875779e-01
	5.000000000000000e-01

 150	2.484200065577072e-05
	5.007115594069301e-01
	5.000000000000000e-01

 151	2.501585402039063e-05
	4.989533935095972e-01
	5.000000000000000e-01

 152	2.526347242144646e-05
	4.943488427656043e-01
	5.000000000000000e-01

 153	2.553997602520901e-05
	4.953112813312608e-01
	5.000000000000000e-01

 154	2.570671298907364e-05
	4.986678157383787e-01
	5.000000000000000e-01

 155	2.582662683536414e-05
	5.000011647841279e-01
	5.000000000000000e-01

 156	2.592445168913554e-05
	5.005796785922312e-01
	5.000000000000000e-01

 157	2.603160794741226e-05
	5.009383350900642e-01
	5.000000000000000e-01

 158	2.619106479586229e-05
	5.010610875898135e-01
	5.000000000000000e-01

 159	2.641293903849387e-05
	4.989498154966022e-01
	5.000000000000000e-01

 160	2.672980261580161e-05
	4.943250961432726e-01
	5.000000000000000e-01

 161	2.706294333153422e-05
	4.962244684800372e-01
	5.000000000000000e-01

 162	2.724633426395865e-05
	4.992856393169245e-01
	5.000000000000000e-01

 163	2.739238025383985e-05
	5.004474503279359e-01
	5.000000000000000e-01

 164	2.751589881773750e-05
	5.008920884191007e-01
	5.000000000000000e-01

 165	2.764353072861405e-05
	5.010427988216916e-01
	5.000000000000000e-01

 166	2.785293571992515e-05
	4.996534214724101e-01
	5.000000000000000e-01

 167	2.820744731769526e-05
	4.945003224127665e-01
	5.000000000000000e-01

 168	2.858399677902061e-05
	4.960419719514728e-01
	5.000000000000000e-01

 169	2.887244291423935e-05
	5.004959183237520e-01
	5.000000000000000e-01

 170	2.906951079635611e-05
	5.013545488387992e-01
	5.000000000000000e-01

 171	2.926436607570627e-05
	5.015056112511099e-01
	5.000000000000000e-01

 172	2.944355160275921e-05
	5.004210903311874e-01
	5.000000000000000e-01

 173	2.967512220561775e-05
	4.940293475449402e-01
	5.000000000000000e-01

 174	2.990745273028822e-05
	4.927136035025803e-01
	5.000000000000000e-01

 175	3.009827838634426e-05
	4.979021016929558e-01
	5.000000000000000e-01

 176	3.019519128115916e-05
	4.995645060430219e-01
	5.000000000000000e-01

 177	3.028371101130631e-05
	5.004006116887674e-01
	5.000000000000000e-01

 178	3.037824028735944e-05
	5.009140894500818e-01
	5.000000000000000e-01

 179	3.046444438407927e-05
	5.011854472585410e-01
	5.000000000000000e-01

 180	3.056990579391245e-05
	5.013590386602731e-01
	5.000000000000000e-01

 181	3.073924120367205e-05
	5.011739751085510e-01
	5.000000000000000e-01

 182	3.107791202319126e-05
	4.941098049609818e-01
	5.000000000000000e-01

 183	3.137162564132397e-05
	4.936160730866014e-01
	5.000000000000000e-01

 184	3.158280670095391e-05
	4.991933413165548e-01
	5.000000000000000e-01

 185	3.169624837323444e-05
	5.006125146758810e-01
	5.000000000000000e-01

 186	3.178924829636900e-05
	5.011503657854514e-01
	5.000000000000000e-01

 187	3.188772040938523e-05
	5.014596252187010e-01
	5.000000000000000e-01

 188	3.199344684452084e-05
	5.016166307875144e-01
	5.000000000000000e-01

 189	3.219778931244431e-05
	5.011924150988692e-01
	5.000000000000000e-01

 190	3.250676343474126e-05
	4.938718968503262e-01
	5.000000000000000e-01

 191	3.276392669016967e-05
	4.929929227404188e-01
	5.000000000000000e-01

 192	3.294708533478958e-05
	4.982903911218327e-01
	5.000000000000000e-01

 193	3.304477142992777e-05
	4.999220539486364e-01
	5.000000000000000e-01

 194	3.313290551129535e-05
	5.006892407804557e-01
	5.000000000000000e-01

 195	3.322878169084473e-05
	5.011555277751301e-01
	5.000000000000000e-01

 196	3.332208473374123e-05
	5.014039220525567e-01
	5.000000000000000e-01

 197	3.343530195944162e-05
	5.015334744989483e-01
	5.000000000000000e-01

 198	3.360111861799246e-05
	5.011629390532628e-01
	5.000000000000000e-01

 199	3.393275193509411e-05
	4.938051414893688e-01
	5.000000000000000e-01

 200	3.423147701340451e-05
	4.935162754826284e-01
	5.000000000000000e-01

 201	3.450902427754701e-05
	5.004643252832718e-01
	5.000000000000000e-01

 202	3.462711994693589e-05
	5.014703341790632e-01
	5.000000000000000e-01

 203	3.473031131931399e-05
	5.018169969463285e-01
	5.000000000000000e-01

 204	3.483667263832589e-05
	5.019872955855346e-01
	5.000000000000000e-01

 205	3.494101325632000e-05
	5.020543509917039e-01
	5.000000000000000e-01

 206	3.514969449230823e-05
	5.015344020256772e-01
	5.000000000000000e-01

 207	3.556705696428468e-05
	4.931056185414820e-01
	5.000000000000000e-01

 208	3.592876443637513e-05
	4.942230602652792e-01
	5.000000000000000e-01

 209	3.621953166805354e-05
	5.014983315638825e-01
	5.000000000000000e-01

 210	3.635779013213668e-05
	5.022652744669506e-01
	5.000000000000000e-01

 211	3.648979128374930e-05
	5.024800580620071e-01
	5.000000000000000e-01

 212	3.661124141808727e-05
	5.025486405790990e-01
	5.000000000000000e-01

 213	3.674415346544771e-05
	5.025026196107804e-01
	5.000000000000000e-01

 214	3.699951669503351e-05
	5.000275990084133e-01
	5.000000000000000e-01

 215	3.735951299577897e-05
	4.926029955717813e-01
	5.000000000000000e-01

 216	3.776338695176768e-05
	4.954346631474517e-01
	5.000000000000000e-01

 217	3.804670295276940e-05
	5.016149302457097e-01
	5.000000000000000e-01

 218	3.823112467955406e-05
	5.023618272129795e-01
	5.000000000000000e-01

 219	3.839069179195018e-05
	5.024835984603960e-01
	5.000000000000000e-01

 220	3.855169394053363e-05
	5.021751031970175e-01
	5.000000000000000e-01

 221	3.873042919059129e-05
	5.000658618436657e-01
	5.000000000000000e-01

 222	3.900507052032577e-05
	4.924682391427497e-01
	5.000000000000000e-01

 223	3.926677494425514e-05
	4.930480754551972e-01
	5.000000000000000e-01

 224	3.943863522792030e-05
	4.984771435014430e-01
	5.000000000000000e-01

 225	3.953865772804977e-05
	5.001730844673417e-01
	5.000000000000000e-01

 226	3.963011488508929e-05
	5.009397947286379e-01
	5.000000000000000e-01

 227	3.972920926710194e-05
	5.013795167493073e-01
	5.000000000000000e-01

 228	3.983513033904116e-05
	5.016159367528760e-01
	5.000000000000000e-01

 229	3.996333843625082e-05
	5.016826940675552e-01
	5.000000000000000e-01

 230	4.014625182690064e-05
	5.007750196729532e-01
	5.000000000000000e-01

 231	4.051207860820027e-05
	4.935074649174088e-01
	5.000000000000000e-01

 232	4.084654128556665e-05
	4.944597383471416e-01
	5.000000000000000e-01

 233	4.111274986721316e-05
	5.006483715731926e-01
	5.000000000000000e-01

 234	4.123930716255012e-05
	5.015564307272513e-01
	5.000000000000000e-01

 235	4.135203313364704e-05
	5.018636120873264e-01
	5.000000000000000e-01

 236	4.146851380295596e-05
	5.020051040246707e-01
	5.000000000000000e-01

 237	4.159487467606715e-05
	5.020274805349504e-01
	5.000000000000000e-01

 238	4.184759642228951e-05
	5.001495023221935e-01
	5.000000000000000e-01

 239	4.222622289046337e-05
	4.931794166595307e-01
	5.000000000000000e-01

 240	4.260740182346301e-05
	4.953705607395880e-01
	5.000000000000000e-01

 241	4.288810241904663e-05
	5.011722528707995e-01
	5.000000000000000e-01

 242	4.306350337101321e-05
	5.019897003166146e-01
	5.000000000000000e-01

 243	4.321243118637576e-05
	5.021649443691106e-01
	5.000000000000000e-01

 244	4.336311143449992e-05
	5.020580386046832e-01
	5.000000000000000e-01

 245	4.353201052304241e-05
	5.008364305789734e-01
	5.000000000000000e-01

 246	4.380116783084791e-05
	4.927397560310990e-01
	5.000000000000000e-01

 247	4.403647428958306e-05
	4.920296650500342e-01
	5.000000000000000e-01

 248	4.420409585010064e-05
	4.978294550002305e-01
	5.000000000000000e-01

 249	4.429978187992385e-05
	4.998008312994303e-01
	5.000000000000000e-01

 250	4.438802016853489e-05
	5.007281390276278e-01
	5.000000000000000e-01

 251	4.446716068264108e-05
	5.011931308117946e-01
	5.000000000000000e-01

 252	4.454764683856217e-05
	5.014726794434244e-01
	5.000000000000000e-01

 253	4.463392899807381e-05
	5.016418293636328e-01
	5.000000000000000e-01

 254	4.479614263553034e-05
	5.016982278256414e-01
	5.000000000000000e-01

 255	4.508899420842519e-05
	4.980386770129486e-01
	5.000000000000000e-01

 256	4.544528539237170e-05
	4.944515504072784e-01
	5.000000000000000e-01

 257	4.579625467799562e-05
	4.977436918005502e-01
	5.000000000000000e-01

 258	4.600664209291587e-05
	4.998623108483444e-01
	5.000000000000000e-01

 259	4.622676244672351e-05
	4.987196190162289e-01
	5.000000000000000e-01

 260	4.645950516260329e-05
	4.959476495069878e-01
	5.000000000000000e-01

 261	4.670417714919098e-05
	4.967450826078900e-01
	5.000000000000000e-01

 262	4.688191280148315e-05
	4.988071033920510e-01
	5.000000000000000e-01

 263	4.707967517968521e-05
	4.985263948945587e-01
	5.000000000000000e-01

 264	4.724793231505769e-05
	4.967210044594449e-01
	5.000000000000000e-01

 265	4.743608453059824e-05
	4.968371833664604e-01
	5.000000000000000e-01

 266	4.760456813410232e-05
	4.983954215320184e-01
	5.000000000000000e-01

 267	4.778963482781116e-05
	4.981160326884565e-01
	5.000000000000000e-01

 268	4.797489491962821e-05
	4.968418560990152e-01
	5.000000000000000e-01

 269	4.817571688377137e-05
	4.973989668540164e-01
	5.000000000000000e-01

 270	4.840620834881124e-05
	4.983561667296982e-01
	5.000000000000000e-01

 271	4.863979344983125e-05
	4.972118874280026e-01
	5.000000000000000e-01

 272	4.894256090938570e-05
	4.972298024730478e-01
	5.000000000000000e-01

 273	4.919669965680229e-05
	4.984751698104583e-01
	5.000000000000000e-01

 274	4.946352572202568e-05
	4.971372691796930e-01
	5.000000000000000e-01

 275	4.981074311993341e-05
	4.972343602193409e-01
	5.000000000000000e-01

 276	5.007268609503506e-05
	4.987030828808980e-01
	5.000000000000000e-01

 277	5.034573269440749e-05
	4.969637981000908e-01
	5.000000000000000e-01

 278	5.065435113904957e-05
	4.969930538267878e-01
	5.000000000000000e-01

 279	5.088832774491640e-05
	4.990446874027622e-01
	5.000000000000000e-01

 280	5.110849886368685e-05
	4.973915837107635e-01
	5.000000000000000e-01

 281	5.132125574332026e-05
	4.964337100289288e-01
	5.000000000000000e-01

 282	5.149970670253448e-05
	4.982226617311030e-01
	5.000000000000000e-01

 283	5.169731312196585e-05
	4.984349518036319e-01
	5.000000000000000e-01

 284	5.187751230380873e-05
	4.969515675506629e-01
	5.000000000000000e-01

 285	5.207770528038829e-05
	4.970223859797815e-01
	5.000000000000000e-01

 286	5.226543284146530e-05
	4.984092165566260e-01
	5.000000000000000e-01

 287	5.246804458673596e-05
	4.977328978953553e-01
	5.000000000000000e-01

 288	5.269116929509844e-05
	4.968655684194151e-01
	5.000000000000000e-01

 289	5.292273848320816e-05
	4.980244139233121e-01
	5.000000000000000e-01

 290	5.317812786440512e-05
	4.978007936482003e-01
	5.000000000000000e-01

 291	5.344716122233028e-05
	4.970758677405929e-01
	5.000000000000000e-01

 292	5.372997978631859e-05
	4.979567584643295e-01
	5.000000000000000e-01

 293	5.409585622878207e-05
	4.975294023820007e-01
	5.000000000000000e-01

 294	5.451517118431454e-05
	4.973751807582238e-01
	5.000000000000000e-01

 295	5.493878016668377e-05
	4.980149945870053e-01
	5.000000000000000e-01

 296	5.540274791255647e-05
	4.971671786944583e-01
	5.000000000000000e-01

 297	5.601344713290706e-05
	4.978981610881657e-01
	5.000000000000000e-01

 298	5.683072644420517e-05
	4.974098267397086e-01
	5.000000000000000e-01

 299	5.774467818859915e-05
	4.976452505646447e-01
	5.000000000000000e-01

 300	5.874467818859915e-05
	4.976646930385077e-01
	5.000000000000000e-01

 301	5.974467818859915e-05
	4.974152332899680e-01
	5.000000000000000e-01

 302	6.074467818859914e-05
	4.978661342415059e-01
	5.000000000000000e-01

 303	6.174467818859915e-05
	4.972610057759328e-01
	5.000000000000000e-01

 304	6.274467818859915e-05
	4.979590483261942e-01
	5.000000000000000e-01

 305	6.374467818859914e-05
	4.972252467132617e-01
	5.000000000000000e-01

 306	6.474467818859914e-05
	4.979273333802188e-01
	5.000000000000000e-01

 307	6.574467818859914e-05
	4.973113796334044e-01
	5.000000000000000e-01

 308	6.674467818859913e-05
	4.977903042774578e-01
	5.000000000000000e-01

 309	6.774467818859913e-05
	4.974878330800409e-01
	5.000000000000000e-01

 310	6.874467818859913e-05
	4.975964053692868e-01
	5.000000000000000e-01

 311	6.974467818859913e-05
	4.976899749314144e-01
	5.000000000000000e-01

 312	7.074467818859912e-05
	4.974129140027947e-01
	5.000000000000000e-01

 313	7.174467818859912e-05
	4.978449222408918e-01
	5.000000000000000e-01

 314	7.274467818859912e-05
	4.972992071991444e-01
	5.000000000000000e-01

 315	7.374467818859911e-05
	4.979053486972868e-01
	5.000000000000000e-01

 316	7.474467818859911e-05
	4.972877043874441e-01
	5.000000000000000e-01

 317	7.574467818859911e-05
	4.978617421038349e-01
	5.000000000000000e-01

 318	7.674467818859911e-05
	4.973766768362198e-01
	5.000000000000000e-01

 319	7.774467818859910e-05
	4.977336772263519e-01
	5.000000000000000e-01

 320	7.874467818859910e-05
	4.975338313458438e-01
	5.000000000000000e-01

 321	7.974467818859910e-05
	4.975657219251710e-01
	5.000000000000000e-01

 322	8.074467818859910e-05
	4.977025184240312e-01
	5.000000000000000e-01

 323	8.174467818859909e-05
	4.974156968048019e-01
	5.000000000000000e-01

 324	8.274467818859909e-05
	4.978222199006795e-01
	5.000000000000000e-01

 325	8.374467818859909e-05
	4.973341783096957e-01
	5.000000000000000e-01

 326	8.474467818859908e-05
	4.978569722230917e-01
	5.000000000000000e-01

 327	8.574467818859908e-05
	4.973415152796260e-01
	5.000000000000000e-01

 328	8.674467818859908e-05
	4.978054093259227e-01
	5.000000000000000e-01

 329	8.774467818859908e-05
	4.974293724233202e-01
	5.000000000000000e-01

 330	8.874467818859907e-05
	4.976887540153699e-01
	5.000000000000000e-01

 331	8.974467818859907e-05
	4.975670087545042e-01
	5.000000000000000e-01

 332	9.074467818859907e-05
	4.975468295421293e-01
	5.000000000000000e-01

 333	9.174467818859906e-05
	4.977050754491547e-01
	5.000000000000000e-01

 334	9.274467818859906e-05
	4.974280111486952e-01
	5.000000000000000e-01

 335	9.374467818859906e-05
	4.977963783511551e-01
	5.000000000000000e-01

 336	9.474467818859906e-05
	4.973697392374951e-01
	5.000000000000000e-01

 337	9.574467818859905e-05
	4.978151333480025e-01
	5.000000000000000e-01

 338	9.674467818859905e-05
	4.973868830619176e-01
	5.000000000000000e-01

 339	9.774467818859905e-05
	4.977618114050607e-01
	5.000000000000000e-01

 340	9.874467818859904e-05
	4.974692725743297e-01
	5.000000000000000e-01

 341	9.974467818859904e-05
	4.976574159448605e-01
	5.000000000000000e-01

 342	1.007446781885990e-04
	4.975878939430944e-01
	5.000000000000000e-01

 343	1.017446781885990e-04
	4.975376050975462e-01
	5.000000000000000e-01

 344	1.027446781885990e-04
	4.977008459841795e-01
	5.000000000000000e-01

 345	1.037446781885990e-04
	4.974423988162178e-01
	5.000000000000000e-01

 346	1.047446781885990e-04
	4.977711222425664e-01
	5.000000000000000e-01

 347	1.057446781885990e-04
	4.974002684365390e-01
	5.000000000000000e-01

 348	1.067446781885990e-04
	4.977794713110338e-01
	5.000000000000000e-01

 349	1.077446781885990e-04
	4.974229399379093e-01
	5.000000000000000e-01

 350	1.087446781885990e-04
	4.977270528639645e-01
	5.000000000000000e-01

 351	1.097446781885990e-04
	4.975000561341978e-01
	5.000000000000000e-01

 352	1.107446781885990e-04
	4.976334548121822e-01
	5.000000000000000e-01

 353	1.117446781885990e-04
	4.976019892651854e-01
	5.000000000000000e-01

 354	1.127446781885990e-04
	4.975344402294660e-01
	5.000000000000000e-01

 355	1.137446781885990e-04
	4.976928797681894e-01
	5.000000000000000e-01

 356	1.147446781885990e-04
	4.974594647824299e-01
	5.000000000000000e-01

 357	1.157446781885990e-04
	4.977467092087426e-01
	5.000000000000000e-01

 358	1.167446781885990e-04
	4.974297882581234e-01
	5.000000000000000e-01

 359	1.177446781885990e-04
	4.977484666907622e-01
	5.000000000000000e-01

 360	1.187446781885990e-04
	4.974538406232099e-01
	5.000000000000000e-01

 361	1.197446781885990e-04
	4.977000251316030e-01
	5.000000000000000e-01

 362	1.207446781885990e-04
	4.975217264068122e-01
	5.000000000000000e-01

 363	1.217446781885990e-04
	4.976192552086752e-01
	5.000000000000000e-01

 364	1.227446781885990e-04
	4.976082424381597e-01
	5.000000000000000e-01

 365	1.237446781885990e-04
	4.975355613629384e-01
	5.000000000000000e-01

 366	1.247446781885990e-04
	4.976841433016768e-01
	5.000000000000000e-01

 367	1.257446781885990e-04
	4.974732558022054e-01
	5.000000000000000e-01

 368	1.267446781885990e-04
	4.977265836302774e-01
	5.000000000000000e-01

 369	1.277446781885990e-04
	4.974530306904195e-01
	5.000000000000000e-01

 370	1.287446781885990e-04
	4.977227009033307e-01
	5.000000000000000e-01

 371	1.297446781885990e-04
	4.974788076907972e-01
	5.000000000000000e-01

 372	1.307446781885990e-04
	4.976772171124575e-01
	5.000000000000000e-01

 373	1.317446781885990e-04
	4.975399558281683e-01
	5.000000000000000e-01

 374	1.327446781885990e-04
	4.976067457608271e-01
	5.000000000000000e-01

 375	1.337446781885990e-04
	4.976148758423868e-01
	5.000000000000000e-01

 376	1.347446781885990e-04
	4.975350063045740e-01
	5.000000000000000e-01

 377	1.357446781885990e-04
	4.976779677338251e-01
	5.000000000000000e-01

 378	1.367446781885990e-04
	4.974860683326946e-01
	5.000000000000000e-01

 379	1.377446781885989e-04
	4.977090162843262e-01
	5.000000000000000e-01

 380	1.387446781885989e-04
	4.974675450036854e-01
	5.000000000000000e-01

 381	1.397446781885989e-04
	4.977004814430751e-01
	5.000000000000000e-01

 382	1.407446781885989e-04
	4.975017952928922e-01
	5.000000000000000e-01

 383	1.417446781885989e-04
	4.976566834776544e-01
	5.000000000000000e-01

 384	1.427446781885989e-04
	4.975570620281513e-01
	5.000000000000000e-01

 385	1.437446781885989e-04
	4.975946179721508e-01
	5.000000000000000e-01

 386	1.447446781885989e-04
	4.976208625909088e-01
	5.000000000000000e-01

 387	1.457446781885989e-04
	4.975349550173930e-01
	5.000000000000000e-01

 388	1.467446781885989e-04
	4.976715125339722e-01
	5.000000000000000e-01

 389	1.477446781885989e-04
	4.974971859752119e-01
	5.000000000000000e-01

 390	1.487446781885989e-04
	4.976932839516809e-01
	5.000000000000000e-01

 391	1.497446781885989e-04
	4.974920756719031e-01
	5.000000000000000e-01

 392	1.507446781885989e-04
	4.976811931664812e-01
	5.000000000000000e-01

 393	1.517446781885989e-04
	4.975193715639499e-01
	5.000000000000000e-01

 394	1.527446781885989e-04
	4.976412772806849e-01
	5.000000000000000e-01

 395	1.537446781885989e-04
	4.975685939868619e-01
	5.000000000000000e-01

 396	1.547446781885989e-04
	4.975877289290092e-01
	5.000000000000000e-01

 397	1.557446781885989e-04
	4.976225934662741e-01
	5.000000000000000e-01

 398	1.567446781885989e-04
	4.975384706505580e-01
	5.000000000000000e-01

 399	1.577446781885989e-04
	4.976634764243930e-01
	5.000000000000000e-01

 400	1.587446781885989e-04
	4.975092393280499e-01
	5.000000000000000e-01

 401	1.597446781885989e-04
	4.976755526582527e-01
	5.000000000000000e-01

 402	1.607446781885989e-04
	4.975076587016987e-01
	5.000000000000000e-01

 403	1.617446781885989e-04
	4.976661134654107e-01
	5.000000000000000e-01

 404	1.627446781885989e-04
	4.975329302662156e-01
	5.000000000000000e-01

 405	1.637446781885989e-04
	4.976309457611284e-01
	5.000000000000000e-01

 406	1.647446781885989e-04
	4.975754666756498e-01
	5.000000000000000e-01

 407	1.657446781885989e-04
	4.975847342624313e-01
	5.000000000000000e-01

 408	1.667446781885989e-04
	4.976213658199842e-01
	5.000000000000000e-01

 409	1.677446781885989e-04
	4.975432274305595e-01
	5.000000000000000e-01

 410	1.687446781885989e-04
	4.976551132433691e-01
	5.000000000000000e-01

 411	1.697446781885989e-04
	4.975196757313863e-01
	5.000000000000000e-01

 412	1.707446781885989e-04
	4.976665249753079e-01
	5.000000000000000e-01

 413	1.717446781885989e-04
	4.975206018857381e-01
	5.000000000000000e-01

 414	1.727446781885989e-04
	4.976533605855226e-01
	5.000000000000000e-01

 415	1.737446781885988e-04
	4.975443728558280e-01
	5.000000000000000e-01

 416	1.747446781885988e-04
	4.976212982980134e-01
	5.000000000000000e-01

 417	1.757446781885988e-04
	4.975821022251863e-01
	5.000000000000000e-01

 418	1.767446781885988e-04
	4.975816126036018e-01
	5.000000000000000e-01

 419	1.777446781885988e-04
	4.976208133777992e-01
	5.000000000000000e-01

 420	1.787446781885988e-04
	4.975474404269459e-01
	5.000000000000000e-01

 421	1.797446781885988e-04
	4.976479304362491e-01
	5.000000000000000e-01

 422	1.807446781885988e-04
	4.975279256769104e-01
	5.000000000000000e-01

 423	1.817446781885988e-04
	4.976545399509265e-01
	5.000000000000000e-01

 424	1.827446781885988e-04
	4.975336256195136e-01
	5.000000000000000e-01

 425	1.837446781885988e-04
	4.976419831408719e-01
	5.000000000000000e-01

 426	1.847446781885988e-04
	4.975548010147401e-01
	5.000000000000000e-01

 427	1.857446781885988e-04
	4.976134954931721e-01
	5.000000000000000e-01

 428	1.867446781885988e-04
	4.975870447314926e-01
	5.000000000000000e-01

 429	1.877446781885988e-04
	4.975797795281461e-01
	5.000000000000000e-01

 430	1.887446781885988e-04
	4.976192895639141e-01
	5.000000000000000e-01

 431	1.897446781885988e-04
	4.975517448137499e-01
	5.000000000000000e-01

 432	1.907446781885988e-04
	4.976408378352861e-01
	5.000000000000000e-01

 433	1.917446781885988e-04
	4.975381476360020e-01
	5.000000000000000e-01

 434	1.927446781885988e-04
	4.976453922567707e-01
	5.000000000000000e-01

 435	1.937446781885988e-04
	4.975425392577985e-01
	5.000000000000000e-01

 436	1.947446781885988e-04
	4.976341313093080e-01
	5.000000000000000e-01

 437	1.957446781885988e-04
	4.975651530774334e-01
	5.000000000000000e-01

 438	1.967446781885988e-04
	4.976063613762343e-01
	5.000000000000000e-01

 439	1.977446781885988e-04
	4.975920459986134e-01
	5.000000000000000e-01

 440	1.987446781885988e-04
	4.975776972581953e-01
	5.000000000000000e-01

 441	1.997446781885988e-04
	4.976183269327639e-01
	5.000000000000000e-01

 442	2.007446781885988e-04
	4.975561187230221e-01
	5.000000000000000e-01

 443	2.010000010000000e-04
	4.976314520135976e-01
	5.000000000000000e-01

 444	2.010000011000000e-04
	4.976273121458834e-01
	4.799999989957139e-01

 445	2.010000013000000e-04
	4.976182751332455e-01
	4.399999969871417e-01

 446	2.010000017000000e-04
	4.975982294147740e-01
	3.599999983910080e-01

 447	2.010000020000000e-04
	4.975818266737295e-01
	3.000000000000000e-01

 448	2.010000020800000e-04
	4.975815970571724e-01
	3.000000000000000e-01

 449	2.010000022400000e-04
	4.975814831103654e-01
	3.000000000000000e-01

 450	2.010000025600000e-04
	4.975815324686626e-01
	3.000000000000000e-01

 451	2.010000032000000e-04
	4.975815073028401e-01
	3.000000000000000e-01

 452	2.010000044800000e-04
	4.975815471972270e-01
	3.000000000000000e-01

 453	2.010000070399999e-04
	4.975815483798892e-01
	3.000000000000000e-01

 454	2.010000121599999e-04
	4.975816236512817e-01
	3.000000000000000e-01

 455	2.010000223999999e-04
	4.975817033295261e-01
	3.000000000000000e-01

 456	2.010000428799998e-04
	4.975819318247103e-01
	3.000000000000000e-01

 457	2.010000838399996e-04
	4.975823184125668e-01
	3.000000000000000e-01

 458	2.010001657599993e-04
	4.975831551252929e-01
	3.000000000000000e-01

 459	2.010003295999986e-04
	4.975847393292293e-01
	3.000000000000000e-01

 460	2.010006572799973e-04
	4.975878989733170e-01
	3.000000000000000e-01

 461	2.010013126399947e-04
	4.975938613456356e-01
	3.000000000000000e-01

 462	2.010026233599895e-04
	4.976047957066597e-01
	3.000000000000000e-01

 463	2.010052447999790e-04
	4.976220316334567e-01
	3.000000000000000e-01

 464	2.010104876799581e-04
	4.976331126902261e-01
	3.000000000000000e-01

 465	2.010209734399162e-04
	4.975630155727617e-01
	3.000000000000000e-01

 466	2.010419449598324e-04
	4.971814277473363e-01
	3.000000000000000e-01

 467	2.010628932448839e-04
	4.965809544749687e-01
	3.000000000000000e-01

 468	2.011008889756559e-04
	4.950762050759588e-01
	3.000000000000000e-01

 469	2.011732355009549e-04
	4.909967582261345e-01
	3.000000000000000e-01

 470	2.012777594452818e-04
	4.824476252262822e-01
	3.000000000000000e-01

 471	2.014868073339356e-04
	4.549861681012194e-01
	3.000000000000000e-01

 472	2.019049031112433e-04
	3.630414255940089e-01
	3.000000000000000e-01

 473	2.019678899512631e-04
	3.453427154519111e-01
	3.000000000000000e-01

 474	2.020938636313027e-04
	3.095433242296773e-01
	3.000000000000000e-01

 475	2.022330580478455e-04
	2.809374243434105e-01
	3.000000000000000e-01

 476	2.023856452608432e-04
	2.836178231261542e-01
	3.000000000000000e-01

 477	2.024683739914555e-04
	2.944381432420022e-01
	3.000000000000000e-01

 478	2.025467635856124e-04
	3.001447055259608e-01
	3.000000000000000e-01

 479	2.026471277578554e-04
	3.028846960114029e-01
	3.000000000000000e-01

 480	2.027223442167267e-04
	3.035082216042361e-01
	3.000000000000000e-01

 481	2.027858825000737e-04
	3.037315906049993e-01
	3.000000000000000e-01

 482	2.028520795018914e-04
	3.038379742091923e-01
	3.000000000000000e-01

 483	2.029669532057294e-04
	3.038708756355173e-01
	3.000000000000000e-01

 484	2.031215218337495e-04
	3.033721625437588e-01
	3.000000000000000e-01

 485	2.034306590897897e-04
	2.944669369903314e-01
	3.000000000000000e-01

 486	2.037019061076293e-04
	2.918736923335660e-01
	3.000000000000000e-01

 487	2.039213398373352e-04
	2.979627633921549e-01
	3.000000000000000e-01

 488	2.040357047457790e-04
	2.998943153837449e-01
	3.000000000000000e-01

 489	2.041414091003512e-04
	3.007586571546389e-01
	3.000000000000000e-01

 490	2.042511075868092e-04
	3.012182538895941e-01
	3.000000000000000e-01

 491	2.043544090501745e-04
	3.014337323453193e-01
	3.000000000000000e-01

 492	2.044743498204497e-04
	3.015168526508367e-01
	3.000000000000000e-01

 493	2.046434867352383e-04
	3.009622367327557e-01
	3.000000000000000e-01

 494	2.049817605648155e-04
	2.936201240321492e-01
	3.000000000000000e-01

 495	2.052785526977898e-04
	2.937167871476906e-01
	3.000000000000000e-01

 496	2.055030605687323e-04
	2.997285858743419e-01
	3.000000000000000e-01

 497	2.056243235583466e-04
	3.010635982338680e-01
	3.000000000000000e-01

 498	2.057204668335326e-04
	3.015052460691491e-01
	3.000000000000000e-01

 499	2.058209302952908e-04
	3.017414786043717e-01
	3.000000000000000e-01

 500	2.059308521192361e-04
	3.018441041574294e-01
	3.000000000000000e-01

 501	2.061506957671268e-04
	3.009941976891259e-01
	3.000000000000000e-01

 502	2.065903830629082e-04
	2.936743372649824e-01
	3.000000000000000e-01

 503	2.070013069233815e-04
	2.954209829881888e-01
	3.000000000000000e-01

 504	2.072650532782580e-04
	3.009982050832871e-01
	3.000000000000000e-01

 505	2.074257968637046e-04
	3.018722727961634e-01
	3.000000000000000e-01

 506	2.075607059826106e-04
	3.020893687748921e-01
	3.000000000000000e-01

 507	2.076996066349326e-04
	3.021405578880425e-01
	3.000000000000000e-01

 508	2.078636280370272e-04
	3.017309481139319e-01
	3.000000000000000e-01

 509	2.081641574094781e-04
	2.945382018668932e-01
	3.000000000000000e-01

 510	2.084279086509997e-04
	2.927284455056098e-01
	3.000000000000000e-01

 511	2.086447745862928e-04
	2.981224977727108e-01
	3.000000000000000e-01

 512	2.087559709968494e-04
	2.998158412707085e-01
	3.000000000000000e-01

 513	2.088543313758720e-04
	3.005861114523714e-01
	3.000000000000000e-01

 514	2.089597573515084e-04
	3.010399377553182e-01
	3.000000000000000e-01

 515	2.090684663034022e-04
	3.012797405044790e-01
	3.000000000000000e-01

 516	2.092153934496990e-04
	3.012931363644702e-01
	3.000000000000000e-01

 517	2.094219669144847e-04
	2.994714532414542e-01
	3.000000000000000e-01

 518	2.097814860803271e-04
	2.940265106429707e-01
	3.000000000000000e-01

 519	2.101602625206016e-04
	2.962232099975424e-01
	3.000000000000000e-01

 520	2.104079631668140e-04
	3.003776455861571e-01
	3.000000000000000e-01

 521	2.105881577041634e-04
	3.013157467580029e-01
	3.000000000000000e-01

 522	2.107481840172349e-04
	3.015454111723272e-01
	3.000000000000000e-01

 523	2.109100181880942e-04
	3.011324113154044e-01
	3.000000000000000e-01

 524	2.111072998566560e-04
	2.979274230545993e-01
	3.000000000000000e-01

 525	2.114284957452713e-04
	2.943168639051310e-01
	3.000000000000000e-01

 526	2.117471710857160e-04
	2.974900563278717e-01
	3.000000000000000e-01

 527	2.119628066633398e-04
	2.998156905141467e-01
	3.000000000000000e-01

 528	2.121613710121343e-04
	2.994078323028013e-01
	3.000000000000000e-01

 529	2.124034767614454e-04
	2.960850490194541e-01
	3.000000000000000e-01

 530	2.126634851657702e-04
	2.960605510790504e-01
	3.000000000000000e-01

 531	2.128635934186768e-04
	2.988385767881151e-01
	3.000000000000000e-01

 532	2.130609027619407e-04
	2.999831482087007e-01
	3.000000000000000e-01

 533	2.132430323152709e-04
	2.986221576029037e-01
	3.000000000000000e-01

 534	2.134297276023788e-04
	2.956392442520230e-01
	3.000000000000000e-01

 535	2.137110688813034e-04
	2.961106210914517e-01
	3.000000000000000e-01

 536	2.138679630933306e-04
	2.986188461517069e-01
	3.000000000000000e-01

 537	2.140236113214668e-04
	3.000300832466119e-01
	3.000000000000000e-01

 538	2.141553300047486e-04
	3.004929911705270e-01
	3.000000000000000e-01

 539	2.142926516276546e-04
	3.001733916373214e-01
	3.000000000000000e-01

 540	2.145209523905569e-04
	2.954494632811455e-01
	3.000000000000000e-01

 541	2.147253732223836e-04
	2.941746653736089e-01
	3.000000000000000e-01

 542	2.149112568445690e-04
	2.979271450912724e-01
	3.000000000000000e-01

 543	2.150361288581013e-04
	2.995734179492279e-01
	3.000000000000000e-01

 544	2.151310830138217e-04
	3.002534477861736e-01
	3.000000000000000e-01

 545	2.152398328147328e-04
	3.007030774118379e-01
	3.000000000000000e-01

 546	2.154074202526462e-04
	3.007798454065060e-01
	3.000000000000000e-01

 547	2.156481971887596e-04
	2.973539742270898e-01
	3.000000000000000e-01

 548	2.159113028912697e-04
	2.948423358207418e-01
	3.000000000000000e-01

 549	2.161748733090964e-04
	2.976574850835382e-01
	3.000000000000000e-01

 550	2.163724937047997e-04
	2.995247554814621e-01
	3.000000000000000e-01

 551	2.165676522859405e-04
	2.980310419389256e-01
	3.000000000000000e-01

 552	2.167855380397142e-04
	2.961214486636103e-01
	3.000000000000000e-01

 553	2.170063667079300e-04
	2.977015330228655e-01
	3.000000000000000e-01

 554	2.172432239263899e-04
	2.987280173794244e-01
	3.000000000000000e-01

 555	2.174736606092361e-04
	2.969464525707728e-01
	3.000000000000000e-01

 556	2.177127172410756e-04
	2.968867513852961e-01
	3.000000000000000e-01

 557	2.178978360225993e-04
	2.986626109005536e-01
	3.000000000000000e-01

 558	2.181009030966111e-04
	2.979649924883496e-01
	3.000000000000000e-01

 559	2.182989232314664e-04
	2.966880351953028e-01
	3.000000000000000e-01

 560	2.185092907670254e-04
	2.977374150494103e-01
	3.000000000000000e-01

 561	2.187786838096211e-04
	2.982187046235114e-01
	3.000000000000000e-01

 562	2.190517499969553e-04
	2.970089440689453e-01
	3.000000000000000e-01

 563	2.193121879411310e-04
	2.975729887803140e-01
	3.000000000000000e-01

 564	2.196148877753985e-04
	2.981647346655011e-01
	3.000000000000000e-01

 565	2.199209238176665e-04
	2.970795722329725e-01
	3.000000000000000e-01

 566	2.202608933721425e-04
	2.977137742392566e-01
	3.000000000000000e-01

 567	2.206531843583358e-04
	2.979244730124284e-01
	3.000000000000000e-01

 568	2.210468641812098e-04
	2.971397721871527e-01
	3.000000000000000e-01

 569	2.214600669680494e-04
	2.980124698106342e-01
	3.000000000000000e-01

 570	2.220688793115953e-04
	2.973443163382684e-01
	3.000000000000000e-01

 571	2.227554331893984e-04
	2.977029274951153e-01
	3.000000000000000e-01

 572	2.235167518940007e-04
	2.976954721496670e-01
	3.000000000000000e-01

 573	2.242785871750680e-04
	2.973892562381526e-01
	3.000000000000000e-01

 574	2.251102373996428e-04
	2.979428966603280e-01
	3.000000000000000e-01

 575	2.260255408854035e-04
	2.972333482401885e-01
	3.000000000000000e-01

 576	2.270255408854035e-04
	2.980052282079333e-01
	3.000000000000000e-01

 577	2.280255408854035e-04
	2.972377606200013e-01
	3.000000000000000e-01

 578	2.290255408854035e-04
	2.979324322613384e-01
	3.000000000000000e-01

 579	2.300255408854035e-04
	2.973642977396148e-01
	3.000000000000000e-01

 580	2.310255408854035e-04
	2.977607076826309e-01
	3.000000000000000e-01

 581	2.320255408854035e-04
	2.975700665972075e-01
	3.000000000000000e-01

 582	2.330255408854035e-04
	2.975488135677333e-01
	3.000000000000000e-01

 583	2.340255408854035e-04
	2.977775568136128e-01
	3.000000000000000e-01

 584	2.350255408854035e-04
	2.973709124578992e-01
	3.000000000000000e-01

 585	2.360255408854035e-04
	2.979137227375171e-01
	3.000000000000000e-01

 586	2.370255408854035e-04
	2.972830764574614e-01
	3.000000000000000e-01

 587	2.380255408854035e-04
	2.979412081145001e-01
	3.000000000000000e-01

 588	2.390255408854035e-04
	2.973072851959371e-01
	3.000000000000000e-01

 589	2.400255408854035e-04
	2.978627854324809e-01
	3.000000000000000e-01

 590	2.410255408854035e-04
	2.974292384066340e-01
	3.000000000000000e-01

 591	2.420255408854035e-04
	2.977077172921250e-01
	3.000000000000000e-01

 592	2.430255408854035e-04
	2.976076584312806e-01
	3.000000000000000e-01

 593	2.440255408854035e-04
	2.975291508742412e-01
	3.000000000000000e-01

 594	2.450255408854035e-04
	2.977772511104487e-01
	3.000000000000000e-01

 595	2.460255408854035e-04
	2.973867900492898e-01
	3.000000000000000e-01

 596	2.470255408854035e-04
	2.978802339614765e-01
	3.000000000000000e-01

 597	2.480255408854035e-04
	2.973274481009798e-01
	3.000000000000000e-01

 598	2.490255408854036e-04
	2.978879368163156e-01
	3.000000000000000e-01

 599	2.500255408854036e-04
	2.973639413163054e-01
	3.000000000000000e-01

 600	2.510255408854036e-04
	2.978077401522088e-01
	3.000000000000000e-01

 601	2.520255408854036e-04
	2.974786886159691e-01
	3.000000000000000e-01

 602	2.530255408854037e-04
	2.976690635255602e-01
	3.000000000000000e-01

 603	2.540255408854037e-04
	2.976331691267920e-01
	3.000000000000000e-01

 604	2.550255408854037e-04
	2.975178367440990e-01
	3.000000000000000e-01

 605	2.560255408854037e-04
	2.977713488574745e-01
	3.000000000000000e-01

 606	2.570255408854038e-04
	2.974069644211473e-01
	3.000000000000000e-01

 607	2.580255408854038e-04
	2.978458302277627e-01
	3.000000000000000e-01

 608	2.590255408854038e-04
	2.973688270321370e-01
	3.000000000000000e-01

 609	2.600255408854038e-04
	2.978417334028777e-01
	3.000000000000000e-01

 610	2.610255408854039e-04
	2.974110348549100e-01
	3.000000000000000e-01

 611	2.620255408854039e-04
	2.977640734486357e-01
	3.000000000000000e-01

 612	2.630255408854039e-04
	2.975159438988492e-01
	3.000000000000000e-01

 613	2.640255408854039e-04
	2.976420238220396e-01
	3.000000000000000e-01

 614	2.650255408854040e-04
	2.976476390624709e-01
	3.000000000000000e-01

 615	2.660255408854040e-04
	2.975160535492437e-01
	3.000000000000000e-01

 616	2.670255408854040e-04
	2.977595522379367e-01
	3.000000000000000e-01

 617	2.680255408854040e-04
	2.974283135957626e-01
	3.000000000000000e-01

 618	2.690255408854041e-04
	2.978157891100196e-01
	3.000000000000000e-01

 619	2.700255408854041e-04
	2.974043022932420e-01
	3.000000000000000e-01

 620	2.710255408854041e-04
	2.978032916741896e-01
	3.000000000000000e-01

 621	2.720255408854041e-04
	2.974490350284894e-01
	3.000000000000000e-01

 622	2.730255408854042e-04
	2.977299104175469e-01
	3.000000000000000e-01

 623	2.740255408854042e-04
	2.975438816609013e-01
	3.000000000000000e-01

 624	2.750255408854042e-04
	2.976239079293287e-01
	3.000000000000000e-01

 625	2.760255408854042e-04
	2.976540516244048e-01
	3.000000000000000e-01

 626	2.770255408854043e-04
	2.975205475337704e-01
	3.000000000000000e-01

 627	2.780255408854043e-04
	2.977439194951302e-01
	3.000000000000000e-01

 628	2.790255408854043e-04
	2.974511993092171e-01
	3.000000000000000e-01

 629	2.800255408854043e-04
	2.977868654095133e-01
	3.000000000000000e-01

 630	2.810255408854044e-04
	2.974359822782170e-01
	3.000000000000000e-01

 631	2.820255408854044e-04
	2.977715821031971e-01
	3.000000000000000e-01

 632	2.830255408854044e-04
	2.974781840140652e-01
	3.000000000000000e-01

 633	2.840255408854044e-04
	2.977058810655566e-01
	3.000000000000000e-01

 634	2.850255408854044e-04
	2.975622174515025e-01
	3.000000000000000e-01

 635	2.860255408854045e-04
	2.976122213739000e-01
	3.000000000000000e-01

 636	2.870255408854045e-04
	2.976571991483610e-01
	3.000000000000000e-01

 637	2.880255408854045e-04
	2.975255619071976e-01
	3.000000000000000e-01

 638	2.890255408854045e-04
	2.977309455109565e-01
	3.000000000000000e-01

 639	2.900255408854046e-04
	2.974699412340033e-01
	3.000000000000000e-01

 640	2.910255408854046e-04
	2.977627060314207e-01
	3.000000000000000e-01

 641	2.920255408854046e-04
	2.974630847861756e-01
	3.000000000000000e-01

 642	2.930255408854046e-04
	2.977436415965312e-01
	3.000000000000000e-01

 643	2.940255408854047e-04
	2.975046163633831e-01
	3.000000000000000e-01

 644	2.950255408854047e-04
	2.976833274463801e-01
	3.000000000000000e-01

 645	2.960255408854047e-04
	2.975789261247813e-01
	3.000000000000000e-01

 646	2.970255408854047e-04
	2.976025884262305e-01
	3.000000000000000e-01

 647	2.980255408854048e-04
	2.976601374452389e-01
	3.000000000000000e-01

 648	2.990255408854048e-04
	2.975287376260889e-01
	3.000000000000000e-01

 649	3.000255408854048e-04
	2.977205653539681e-01
	3.000000000000000e-01

 650	3.010255408854048e-04
	2.974863342377205e-01
	3.000000000000000e-01

 651	3.020255408854049e-04
	2.977415418107947e-01
	3.000000000000000e-01

 652	3.030255408854049e-04
	2.974867694601586e-01
	3.000000000000000e-01

 653	3.040255408854049e-04
	2.977194291147658e-01
	3.000000000000000e-01

 654	3.050255408854049e-04
	2.975273739988412e-01
	3.000000000000000e-01

 655	3.060255408854050e-04
	2.976640556409009e-01
	3.000000000000000e-01

 656	3.070255408854050e-04
	2.975930964214389e-01
	3.000000000000000e-01

 657	3.080255408854050e-04
	2.975945274060488e-01
	3.000000000000000e-01

 658	3.090255408854050e-04
	2.976612083814082e-01
	3.000000000000000e-01

 659	3.100255408854051e-04
	2.975341423932035e-01
	3.000000000000000e-01

 660	3.110255408854051e-04
	2.977090756015652e-01
	3.000000000000000e-01

 661	3.120255408854051e-04
	2.975022395568200e-01
	3.000000000000000e-01

 662	3.130255408854051e-04
	2.977223955888699e-01
	3.000000000000000e-01

 663	3.140255408854052e-04
	2.975072366598325e-01
	3.000000000000000e-01

 664	3.150255408854052e-04
	2.976993191800180e-01
	3.000000000000000e-01

 665	3.160255408854052e-04
	2.975455396061154e-01
	3.000000000000000e-01

 666	3.170255408854052e-04
	2.976493838139025e-01
	3.000000000000000e-01

 667	3.180255408854052e-04
	2.976031094078145e-01
	3.000000000000000e-01

 668	3.190255408854053e-04
	2.975898157949523e-01
	3.000000000000000e-01

 669	3.200255408854053e-04
	2.976601681927304e-01
	3.000000000000000e-01

 670	3.210255408854053e-04
	2.975404124503303e-01
	3.000000000000000e-01

 671	3.220255408854053e-04
	2.976980551124576e-01
	3.000000000000000e-01

 672	3.230255408854054e-04
	2.975166428349184e-01
	3.000000000000000e-01

 673	3.240255408854054e-04
	2.977020787279006e-01
	3.000000000000000e-01

 674	3.250255408854054e-04
	2.975255080600511e-01
	3.000000000000000e-01

 675	3.260255408854054e-04
	2.976826901440496e-01
	3.000000000000000e-01

 676	3.270255408854055e-04
	2.975597548624904e-01
	3.000000000000000e-01

 677	3.280255408854055e-04
	2.976388565241687e-01
	3.000000000000000e-01

 678	3.290255408854055e-04
	2.976091084794724e-01
	3.000000000000000e-01

 679	3.300255408854055e-04
	2.975886210875642e-01
	3.000000000000000e-01

 680	3.310255408854056e-04
	2.976564173796163e-01
	3.000000000000000e-01

 681	3.320255408854056e-04
	2.975483816594090e-01
	3.000000000000000e-01

 682	3.330255408854056e-04
	2.976864509119505e-01
	3.000000000000000e-01

 683	3.340255408854056e-04
	2.975305594196607e-01
	3.000000000000000e-01

 684	3.350255408854057e-04
	2.976905833656583e-01
	3.000000000000000e-01

 685	3.360255408854057e-04
	2.975396249815042e-01
	3.000000000000000e-01

 686	3.370255408854057e-04
	2.976690908387974e-01
	3.000000000000000e-01

 687	3.380255408854057e-04
	2.975712694369151e-01
	3.000000000000000e-01

 688	3.390255408854058e-04
	2.976302864866970e-01
	3.000000000000000e-01

 689	3.400255408854058e-04
	2.976140910349044e-01
	3.000000000000000e-01

 690	3.410255408854058e-04
	2.975874806216444e-01
	3.000000000000000e-01

 691	3.420255408854058e-04
	2.976535985934533e-01
	3.000000000000000e-01

 692	3.430255408854059e-04
	2.975546528371701e-01
	3.000000000000000e-01

 693	3.440255408854059e-04
	2.976771941418314e-01
	3.000000000000000e-01

 694	3.450255408854059e-04
	2.975394851151419e-01
	3.000000000000000e-01

 695	3.460255408854059e-04
	2.976777871334641e-01
	3.000000000000000e-01

 696	3.470255408854060e-04
	2.975525413168033e-01
	3.000000000000000e-01

 697	3.480255408854060e-04
	2.976576231201462e-01
	3.000000000000000e-01

 698	3.490255408854060e-04
	2.975798908281874e-01
	3.000000000000000e-01

 699	3.500255408854060e-04
	2.976244499440094e-01
	3.000000000000000e-01

 700	3.510255408854061e-04
	2.976170399381998e-01
	3.000000000000000e-01

 701	3.520255408854061e-04
	2.975874655212704e-01
	3.000000000000000e-01

 702	3.530255408854061e-04
	2.976506659761431e-01
	3.000000000000000e-01

 703	3.540255408854061e-04
	2.975600999230119e-01
	3.000000000000000e-01

 704	3.550255408854061e-04
	2.976696243391239e-01
	3.000000000000000e-01

 705	3.560255408854062e-04
	2.975507170636397e-01
	3.000000000000000e-01

 706	3.570255408854062e-04
	2.976687001000902e-01
	3.000000000000000e-01

 707	3.580255408854062e-04
	2.975610375040327e-01
	3.000000000000000e-01

 708	3.590255408854062e-04
	2.976499986095140e-01
	3.000000000000000e-01

 709	3.600255408854063e-04
	2.975860794847980e-01
	3.000000000000000e-01

 710	3.610255408854063e-04
	2.976203233526791e-01
	3.000000000000000e-01

 711	3.620255408854063e-04
	2.976187824119689e-01
	3.000000000000000e-01

 712	3.630255408854063e-04
	2.975881384557785e-01
	3.000000000000000e-01

 713	3.640255408854064e-04
	2.976476331084552e-01
	3.000000000000000e-01

 714	3.650255408854064e-04
	2.975642711063265e-01
	3.000000000000000e-01

 715	3.660255408854064e-04
	2.976609566082114e-01
	3.000000000000000e-01

 716	3.670255408854064e-04
	2.975589923066489e-01
	3.000000000000000e-01

 717	3.680255408854065e-04
	2.976596012240899e-01
	3.000000000000000e-01

 718	3.690255408854065e-04
	2.975696829243945e-01
	3.000000000000000e-01

 719	3.700255408854065e-04
	2.976428789212137e-01
	3.000000000000000e-01

 720	3.710255408854065e-04
	2.975913225229448e-01
	3.000000000000000e-01

 721	3.720255408854066e-04
	2.976173904558594e-01
	3.000000000000000e-01

 722	3.730255408854066e-04
	2.976191254511377e-01
	3.000000000000000e-01

 723	3.740255408854066e-04
	2.975903001451663e-01
	3.000000000000000e-01

 724	3.750255408854066e-04
	2.976431541992995e-01
	3.000000000000000e-01

 725	3.760255408854067e-04
	2.975713511700901e-01
	3.000000000000000e-01

 726	3.770255408854067e-04
	2.976555397418597e-01
	3.000000000000000e-01

 727	3.780255408854067e-04
	2.975662649948983e-01
	3.000000000000000e-01

 728	3.790255408854067e-04
	2.976523925873614e-01
	3.000000000000000e-01

 729	3.800255408854068e-04
	2.975763858163507e-01
	3.000000000000000e-01

 730	3.810255408854068e-04
	2.976372137767105e-01
	3.000000000000000e-01

 731	3.820255408854068e-04
	2.975965113333995e-01
	3.000000000000000e-01

 732	3.830255408854068e-04
	2.976129972634174e-01
	3.000000000000000e-01

 733	3.840255408854069e-04
	2.976215113097633e-01
	3.000000000000000e-01

 734	3.850255408854069e-04
	2.975906318536597e-01
	3.000000000000000e-01

 735	3.860255408854069e-04
	2.976387948400466e-01
	3.000000000000000e-01

 736	3.870255408854069e-04
	2.975767044103325e-01
	3.000000000000000e-01

 737	3.880255408854070e-04
	2.976477310362390e-01
	3.000000000000000e-01

 738	3.890255408854070e-04
	2.975740385478328e-01
	3.000000000000000e-01

 739	3.900255408854070e-04
	2.976449678877388e-01
	3.000000000000000e-01

 740	3.910255408854070e-04
	2.975832867856963e-01
	3.000000000000000e-01

 741	3.920255408854070e-04
	2.976313418916649e-01
	3.000000000000000e-01

 742	3.930255408854071e-04
	2.976006494412941e-01
	3.000000000000000e-01

 743	3.940255408854071e-04
	2.976117419718798e-01
	3.000000000000000e-01

 744	3.950255408854071e-04
	2.976200800966910e-01
	3.000000000000000e-01

 745	3.960255408854071e-04
	2.975930013483621e-01
	3.000000000000000e-01

 746	3.970255408854072e-04
	2.976355976640106e-01
	3.000000000000000e-01

 747	3.980255408854072e-04
	2.975811815441402e-01
	3.000000000000000e-01

 748	3.990255408854072e-04
	2.976427184188362e-01
	3.000000000000000e-01

 749	4.000255408854072e-04
	2.975796922902341e-01
	3.000000000000000e-01

 750	4.010000000000000e-04
	2.976393626266046e-01
	3.000000000000000e-01

