 0.00000000e+00  3.05528228e-01  0.00000000e+00  1.35722041e-01 
 1.00000000e-08  3.05528228e-01  1.00000000e-08  1.35722041e-01 
 2.00000000e-08  3.05528228e-01  2.00000000e-08  1.35722041e-01 
 4.00000000e-08  3.05528228e-01  4.00000000e-08  1.35722041e-01 
 8.00000000e-08  3.05528228e-01  8.00000000e-08  1.35722041e-01 
 1.60000000e-07  3.05528228e-01  1.60000000e-07  1.35722041e-01 
 3.20000000e-07  3.05528228e-01  3.20000000e-07  1.35722041e-01 
 6.40000000e-07  3.05528228e-01  6.40000000e-07  1.35722041e-01 
 1.00000000e-06  3.05528228e-01  1.00000000e-06  1.35722041e-01 
 1.00000010e-06  3.05528228e-01  1.00000010e-06  1.35722041e-01 
 1.00000030e-06  3.05528228e-01  1.00000030e-06  1.35722041e-01 
 1.00000070e-06  3.05528228e-01  1.00000070e-06  1.35722041e-01 
 1.00000100e-06  3.05528228e-01  1.00000100e-06  1.35722041e-01 
 1.00000108e-06  3.05528228e-01  1.00000108e-06  1.35722041e-01 
 1.00000124e-06  3.05528228e-01  1.00000124e-06  1.35722041e-01 
 1.00000156e-06  3.05528228e-01  1.00000156e-06  1.35722041e-01 
 1.00000220e-06  3.05528228e-01  1.00000220e-06  1.35722041e-01 
 1.00000348e-06  3.05528228e-01  1.00000348e-06  1.35722041e-01 
 1.00000604e-06  3.05528228e-01  1.00000604e-06  1.35722041e-01 
 1.00001116e-06  3.05528228e-01  1.00001116e-06  1.35722041e-01 
 1.00002140e-06  3.05528228e-01  1.00002140e-06  1.35722041e-01 
 1.00004188e-06  3.05528228e-01  1.00004188e-06  1.35722041e-01 
 1.00008284e-06  3.05528228e-01  1.00008284e-06  1.35722041e-01 
 1.00016476e-06  3.05528228e-01  1.00016476e-06  1.35722041e-01 
 1.00032860e-06  3.05528228e-01  1.00032860e-06  1.35722041e-01 
 1.00065628e-06  3.05528228e-01  1.00065628e-06  1.35722041e-01 
 1.00131164e-06  3.05528228e-01  1.00131164e-06  1.35722041e-01 
 1.00262236e-06  3.05528228e-01  1.00262236e-06  1.35722041e-01 
 1.00524380e-06  3.05528228e-01  1.00524380e-06  1.35722041e-01 
 1.01048668e-06  3.05528228e-01  1.01048668e-06  1.35722041e-01 
 1.02097244e-06  3.05528228e-01  1.02097244e-06  1.35722041e-01 
 1.03724345e-06  3.05528228e-01  1.03724345e-06  1.35722041e-01 
 1.05549022e-06  3.05528228e-01  1.05549022e-06  1.35722041e-01 
 1.06802717e-06  3.05528228e-01  1.06802717e-06  1.35722041e-01 
 1.08240268e-06  3.05528228e-01  1.08240268e-06  1.35722041e-01 
 1.09870760e-06  3.05528228e-01  1.09870760e-06  1.35722041e-01 
 1.11657673e-06  3.05528228e-01  1.11657673e-06  1.35722041e-01 
 1.15231500e-06  3.05528228e-01  1.15231500e-06  1.35722041e-01 
 1.19899518e-06  3.05528228e-01  1.19899518e-06  1.35722041e-01 
 1.29235555e-06  3.05528228e-01  1.29235555e-06  1.35722041e-01 
 1.41630389e-06  3.05528228e-01  1.41630389e-06  1.35722041e-01 
 1.53564524e-06  3.05528228e-01  1.53564524e-06  1.35722041e-01 
 1.66432289e-06  3.05528228e-01  1.66432289e-06  1.35722041e-01 
 1.78722095e-06  3.05528228e-01  1.78722095e-06  1.35722041e-01 
 1.93686281e-06  3.05528228e-01  1.93686281e-06  1.35722041e-01 
 2.23614653e-06  3.05528228e-01  2.23614653e-06  1.35722041e-01 
 2.58946649e-06  3.05528228e-01  2.58946649e-06  1.35722041e-01 
 3.09528877e-06  3.05528228e-01  3.09528877e-06  1.35722041e-01 
 3.51746117e-06  3.05528228e-01  3.51746117e-06  1.35722041e-01 
 3.89984181e-06  3.05528228e-01  3.89984181e-06  1.35722041e-01 
 4.08820112e-06  3.05528228e-01  4.08820112e-06  1.35722041e-01 
 4.23709559e-06  3.05528228e-01  4.23709559e-06  1.35722041e-01 
 4.39125663e-06  3.05528228e-01  4.39125663e-06  1.35722041e-01 
 4.53568576e-06  3.05528228e-01  4.53568576e-06  1.35722041e-01 
 4.75867839e-06  3.05528228e-01  4.75867839e-06  1.35722041e-01 
 5.12320965e-06  3.05528228e-01  5.12320965e-06  1.35722041e-01 
 5.46350609e-06  3.05528228e-01  5.46350609e-06  1.35722041e-01 
 5.71628472e-06  3.05528228e-01  5.71628472e-06  1.35722041e-01 
 5.84580613e-06  3.05528228e-01  5.84580613e-06  1.35722041e-01 
 5.96335048e-06  3.05528228e-01  5.96335048e-06  1.35722041e-01 
 6.08418113e-06  3.05528228e-01  6.08418113e-06  1.35722041e-01 
 6.22669736e-06  3.05528228e-01  6.22669736e-06  1.35722041e-01 
 6.51172981e-06  3.05528228e-01  6.51172981e-06  1.35722041e-01 
 6.84904786e-06  3.05528228e-01  6.84904786e-06  1.35722041e-01 
 7.21288956e-06  3.05528228e-01  7.21288956e-06  1.35722041e-01 
 7.46660170e-06  3.05528228e-01  7.46660170e-06  1.35722041e-01 
 7.65548031e-06  3.05528228e-01  7.65548031e-06  1.35722041e-01 
 7.84362016e-06  3.05528228e-01  7.84362016e-06  1.35722041e-01 
 8.01704605e-06  3.05528228e-01  8.01704605e-06  1.35722041e-01 
 8.24422014e-06  3.05528228e-01  8.24422014e-06  1.35722041e-01 
 8.47475962e-06  3.05528228e-01  8.47475962e-06  1.35722041e-01 
 8.65845915e-06  3.05528228e-01  8.65845915e-06  1.35722041e-01 
 8.76458577e-06  3.05528228e-01  8.76458577e-06  1.35722041e-01 
 8.86022303e-06  3.05528228e-01  8.86022303e-06  1.35722041e-01 
 8.96368446e-06  3.05528228e-01  8.96368446e-06  1.35722041e-01 
 9.06696077e-06  3.05528228e-01  9.06696077e-06  1.35722041e-01 
 9.17991106e-06  3.05528228e-01  9.17991106e-06  1.35722041e-01 
 9.35191490e-06  3.05528228e-01  9.35191490e-06  1.35722041e-01 
 9.69592258e-06  3.05528228e-01  9.69592258e-06  1.35722041e-01 
 1.00155030e-05  3.05528228e-01  1.00155030e-05  1.35722041e-01 
 1.02502053e-05  3.05528228e-01  1.02502053e-05  1.35722041e-01 
 1.03794602e-05  3.05528228e-01  1.03794602e-05  1.35722041e-01 
 1.04858094e-05  3.05528228e-01  1.04858094e-05  1.35722041e-01 
 1.05960970e-05  3.05528228e-01  1.05960970e-05  1.35722041e-01 
 1.07251817e-05  3.05528228e-01  1.07251817e-05  1.35722041e-01 
 1.09833513e-05  3.05528228e-01  1.09833513e-05  1.35722041e-01 
 1.13367348e-05  3.05528228e-01  1.13367348e-05  1.35722041e-01 
 1.17322720e-05  3.05528228e-01  1.17322720e-05  1.35722041e-01 
 1.19489547e-05  3.05528228e-01  1.19489547e-05  1.35722041e-01 
 1.20975375e-05  3.05528228e-01  1.20975375e-05  1.35722041e-01 
 1.22253758e-05  3.05528228e-01  1.22253758e-05  1.35722041e-01 
 1.23572700e-05  3.05528228e-01  1.23572700e-05  1.35722041e-01 
 1.25442015e-05  3.05528228e-01  1.25442015e-05  1.35722041e-01 
 1.29180646e-05  3.05528228e-01  1.29180646e-05  1.35722041e-01 
 1.32718093e-05  3.05528228e-01  1.32718093e-05  1.35722041e-01 
 1.35296780e-05  3.05528228e-01  1.35296780e-05  1.35722041e-01 
 1.36556767e-05  3.05528228e-01  1.36556767e-05  1.35722041e-01 
 1.37675418e-05  3.05528228e-01  1.37675418e-05  1.35722041e-01 
 1.38833352e-05  3.05528228e-01  1.38833352e-05  1.35722041e-01 
 1.40127756e-05  3.05528228e-01  1.40127756e-05  1.35722041e-01 
 1.42716565e-05  3.05528228e-01  1.42716565e-05  1.35722041e-01 
 1.46445238e-05  3.05528228e-01  1.46445238e-05  1.35722041e-01 
 1.50243341e-05  3.05528228e-01  1.50243341e-05  1.35722041e-01 
 1.52772813e-05  3.05528228e-01  1.52772813e-05  1.35722041e-01 
 1.54282794e-05  3.05528228e-01  1.54282794e-05  1.35722041e-01 
 1.55584198e-05  3.05528228e-01  1.55584198e-05  1.35722041e-01 
 1.56928976e-05  3.05528228e-01  1.56928976e-05  1.35722041e-01 
 1.58576571e-05  3.05528228e-01  1.58576571e-05  1.35722041e-01 
 1.61871762e-05  3.05528228e-01  1.61871762e-05  1.35722041e-01 
 1.64759567e-05  3.05528228e-01  1.64759567e-05  1.35722041e-01 
 1.66966668e-05  3.05528228e-01  1.66966668e-05  1.35722041e-01 
 1.68153831e-05  3.05528228e-01  1.68153831e-05  1.35722041e-01 
 1.69079922e-05  3.05528228e-01  1.69079922e-05  1.35722041e-01 
 1.70044499e-05  3.05528228e-01  1.70044499e-05  1.35722041e-01 
 1.71042582e-05  3.05528228e-01  1.71042582e-05  1.35722041e-01 
 1.73038748e-05  3.05528228e-01  1.73038748e-05  1.35722041e-01 
 1.77031080e-05  3.05528228e-01  1.77031080e-05  1.35722041e-01 
 1.80483184e-05  3.05528228e-01  1.80483184e-05  1.35722041e-01 
 1.82916291e-05  3.05528228e-01  1.82916291e-05  1.35722041e-01 
 1.84137882e-05  3.05528228e-01  1.84137882e-05  1.35722041e-01 
 1.85196472e-05  3.05528228e-01  1.85196472e-05  1.35722041e-01 
 1.86299112e-05  3.05528228e-01  1.86299112e-05  1.35722041e-01 
 1.87542316e-05  3.05528228e-01  1.87542316e-05  1.35722041e-01 
 1.90028724e-05  3.05528228e-01  1.90028724e-05  1.35722041e-01 
 1.94021417e-05  3.05528228e-01  1.94021417e-05  1.35722041e-01 
 1.97826506e-05  3.05528228e-01  1.97826506e-05  1.35722041e-01 
 2.00111339e-05  3.05528228e-01  2.00111339e-05  1.35722041e-01 
 2.01453237e-05  3.05528228e-01  2.01453237e-05  1.35722041e-01 
 2.02623448e-05  3.05528228e-01  2.02623448e-05  1.35722041e-01 
 2.03846549e-05  3.05528228e-01  2.03846549e-05  1.35722041e-01 
 2.05446149e-05  3.05528228e-01  2.05446149e-05  1.35722041e-01 
 2.08645349e-05  3.05528228e-01  2.08645349e-05  1.35722041e-01 
 2.11433173e-05  3.05528228e-01  2.11433173e-05  1.35722041e-01 
 2.14295447e-05  3.05528228e-01  2.14295447e-05  1.35722041e-01 
 2.15724856e-05  3.05528228e-01  2.15724856e-05  1.35722041e-01 
 2.17018408e-05  3.05528228e-01  2.17018408e-05  1.35722041e-01 
 2.18393304e-05  3.05528228e-01  2.18393304e-05  1.35722041e-01 
 2.20266384e-05  3.05528228e-01  2.20266384e-05  1.35722041e-01 
 2.23584953e-05  3.05528228e-01  2.23584953e-05  1.35722041e-01 
 2.26799383e-05  3.05528228e-01  2.26799383e-05  1.35722041e-01 
 2.28883398e-05  3.05528228e-01  2.28883398e-05  1.35722041e-01 
 2.30078732e-05  3.05528228e-01  2.30078732e-05  1.35722041e-01 
 2.31076496e-05  3.05528228e-01  2.31076496e-05  1.35722041e-01 
 2.32146714e-05  3.05528228e-01  2.32146714e-05  1.35722041e-01 
 2.33549960e-05  3.05528228e-01  2.33549960e-05  1.35722041e-01 
 2.36246670e-05  3.05528228e-01  2.36246670e-05  1.35722041e-01 
 2.39568896e-05  3.05528228e-01  2.39568896e-05  1.35722041e-01 
 2.42991633e-05  3.05528228e-01  2.42991633e-05  1.35722041e-01 
 2.44924614e-05  3.05528228e-01  2.44924614e-05  1.35722041e-01 
 2.46703070e-05  3.05528228e-01  2.46703070e-05  1.35722041e-01 
 2.48420007e-05  3.05528228e-01  2.48420007e-05  1.35722041e-01 
 2.50158540e-05  3.05528228e-01  2.50158540e-05  1.35722041e-01 
 2.52634724e-05  3.05528228e-01  2.52634724e-05  1.35722041e-01 
 2.55399760e-05  3.05528228e-01  2.55399760e-05  1.35722041e-01 
 2.57067130e-05  3.05528228e-01  2.57067130e-05  1.35722041e-01 
 2.58266268e-05  3.05528228e-01  2.58266268e-05  1.35722041e-01 
 2.59244517e-05  3.05528228e-01  2.59244517e-05  1.35722041e-01 
 2.60316079e-05  3.05528228e-01  2.60316079e-05  1.35722041e-01 
 2.61910648e-05  3.05528228e-01  2.61910648e-05  1.35722041e-01 
 2.64129390e-05  3.05528228e-01  2.64129390e-05  1.35722041e-01 
 2.67298026e-05  3.05528228e-01  2.67298026e-05  1.35722041e-01 
 2.70629433e-05  3.05528228e-01  2.70629433e-05  1.35722041e-01 
 2.72463343e-05  3.05528228e-01  2.72463343e-05  1.35722041e-01 
 2.73923803e-05  3.05528228e-01  2.73923803e-05  1.35722041e-01 
 2.75158988e-05  3.05528228e-01  2.75158988e-05  1.35722041e-01 
 2.76435307e-05  3.05528228e-01  2.76435307e-05  1.35722041e-01 
 2.78529357e-05  3.05528228e-01  2.78529357e-05  1.35722041e-01 
 2.82074473e-05  3.05528228e-01  2.82074473e-05  1.35722041e-01 
 2.85839968e-05  3.05528228e-01  2.85839968e-05  1.35722041e-01 
 2.88724429e-05  3.05528228e-01  2.88724429e-05  1.35722041e-01 
 2.90695108e-05  3.05528228e-01  2.90695108e-05  1.35722041e-01 
 2.92643661e-05  3.05528228e-01  2.92643661e-05  1.35722041e-01 
 2.94435516e-05  3.05528228e-01  2.94435516e-05  1.35722041e-01 
 2.96751222e-05  3.05528228e-01  2.96751222e-05  1.35722041e-01 
 2.99074527e-05  3.05528228e-01  2.99074527e-05  1.35722041e-01 
 3.00982784e-05  3.05528228e-01  3.00982784e-05  1.35722041e-01 
 3.01951913e-05  3.05528228e-01  3.01951913e-05  1.35722041e-01 
 3.02837110e-05  3.05528228e-01  3.02837110e-05  1.35722041e-01 
 3.03782403e-05  3.05528228e-01  3.03782403e-05  1.35722041e-01 
 3.04644444e-05  3.05528228e-01  3.04644444e-05  1.35722041e-01 
 3.05699058e-05  3.05528228e-01  3.05699058e-05  1.35722041e-01 
 3.07392412e-05  3.05528228e-01  3.07392412e-05  1.35722041e-01 
 3.10779120e-05  3.05528228e-01  3.10779120e-05  1.35722041e-01 
 3.13716256e-05  3.05528228e-01  3.13716256e-05  1.35722041e-01 
 3.15828067e-05  3.05528228e-01  3.15828067e-05  1.35722041e-01 
 3.16962484e-05  3.05528228e-01  3.16962484e-05  1.35722041e-01 
 3.17892483e-05  3.05528228e-01  3.17892483e-05  1.35722041e-01 
 3.18877204e-05  3.05528228e-01  3.18877204e-05  1.35722041e-01 
 3.19934468e-05  3.05528228e-01  3.19934468e-05  1.35722041e-01 
 3.21977893e-05  3.05528228e-01  3.21977893e-05  1.35722041e-01 
 3.25067634e-05  3.05528228e-01  3.25067634e-05  1.35722041e-01 
 3.27639267e-05  3.05528228e-01  3.27639267e-05  1.35722041e-01 
 3.29470853e-05  3.05528228e-01  3.29470853e-05  1.35722041e-01 
 3.30447714e-05  3.05528228e-01  3.30447714e-05  1.35722041e-01 
 3.31329055e-05  3.05528228e-01  3.31329055e-05  1.35722041e-01 
 3.32287817e-05  3.05528228e-01  3.32287817e-05  1.35722041e-01 
 3.33220847e-05  3.05528228e-01  3.33220847e-05  1.35722041e-01 
 3.34353020e-05  3.05528228e-01  3.34353020e-05  1.35722041e-01 
 3.36011186e-05  3.05528228e-01  3.36011186e-05  1.35722041e-01 
 3.39327519e-05  3.05528228e-01  3.39327519e-05  1.35722041e-01 
 3.42314770e-05  3.05528228e-01  3.42314770e-05  1.35722041e-01 
 3.45090243e-05  3.05528228e-01  3.45090243e-05  1.35722041e-01 
 3.46271199e-05  3.05528228e-01  3.46271199e-05  1.35722041e-01 
 3.47303113e-05  3.05528228e-01  3.47303113e-05  1.35722041e-01 
 3.48366726e-05  3.05528228e-01  3.48366726e-05  1.35722041e-01 
 3.49410133e-05  3.05528228e-01  3.49410133e-05  1.35722041e-01 
 3.51496945e-05  3.05528228e-01  3.51496945e-05  1.35722041e-01 
 3.55670570e-05  3.05528228e-01  3.55670570e-05  1.35722041e-01 
 3.59287644e-05  3.05528228e-01  3.59287644e-05  1.35722041e-01 
 3.62195317e-05  3.05528228e-01  3.62195317e-05  1.35722041e-01 
 3.63577901e-05  3.05528228e-01  3.63577901e-05  1.35722041e-01 
 3.64897913e-05  3.05528228e-01  3.64897913e-05  1.35722041e-01 
 3.66112414e-05  3.05528228e-01  3.66112414e-05  1.35722041e-01 
 3.67441535e-05  3.05528228e-01  3.67441535e-05  1.35722041e-01 
 3.69995167e-05  3.05528228e-01  3.69995167e-05  1.35722041e-01 
 3.73595130e-05  3.05528228e-01  3.73595130e-05  1.35722041e-01 
 3.77633870e-05  3.05528228e-01  3.77633870e-05  1.35722041e-01 
 3.80467030e-05  3.05528228e-01  3.80467030e-05  1.35722041e-01 
 3.82311247e-05  3.05528228e-01  3.82311247e-05  1.35722041e-01 
 3.83906918e-05  3.05528228e-01  3.83906918e-05  1.35722041e-01 
 3.85516939e-05  3.05528228e-01  3.85516939e-05  1.35722041e-01 
 3.87304292e-05  3.05528228e-01  3.87304292e-05  1.35722041e-01 
 3.90050705e-05  3.05528228e-01  3.90050705e-05  1.35722041e-01 
 3.92667749e-05  3.05528228e-01  3.92667749e-05  1.35722041e-01 
 3.94386352e-05  3.05528228e-01  3.94386352e-05  1.35722041e-01 
 3.95386577e-05  3.05528228e-01  3.95386577e-05  1.35722041e-01 
 3.96301149e-05  3.05528228e-01  3.96301149e-05  1.35722041e-01 
 3.97292093e-05  3.05528228e-01  3.97292093e-05  1.35722041e-01 
 3.98351303e-05  3.05528228e-01  3.98351303e-05  1.35722041e-01 
 3.99633384e-05  3.05528228e-01  3.99633384e-05  1.35722041e-01 
 4.01462518e-05  3.05528228e-01  4.01462518e-05  1.35722041e-01 
 4.05120786e-05  3.05528228e-01  4.05120786e-05  1.35722041e-01 
 4.08465413e-05  3.05528228e-01  4.08465413e-05  1.35722041e-01 
 4.11127499e-05  3.05528228e-01  4.11127499e-05  1.35722041e-01 
 4.12393072e-05  3.05528228e-01  4.12393072e-05  1.35722041e-01 
 4.13520331e-05  3.05528228e-01  4.13520331e-05  1.35722041e-01 
 4.14685138e-05  3.05528228e-01  4.14685138e-05  1.35722041e-01 
 4.15948747e-05  3.05528228e-01  4.15948747e-05  1.35722041e-01 
 4.18475964e-05  3.05528228e-01  4.18475964e-05  1.35722041e-01 
 4.22262229e-05  3.05528228e-01  4.22262229e-05  1.35722041e-01 
 4.26074018e-05  3.05528228e-01  4.26074018e-05  1.35722041e-01 
 4.28881024e-05  3.05528228e-01  4.28881024e-05  1.35722041e-01 
 4.30635034e-05  3.05528228e-01  4.30635034e-05  1.35722041e-01 
 4.32124312e-05  3.05528228e-01  4.32124312e-05  1.35722041e-01 
 4.33631114e-05  3.05528228e-01  4.33631114e-05  1.35722041e-01 
 4.35320105e-05  3.05528228e-01  4.35320105e-05  1.35722041e-01 
 4.38011678e-05  3.05528228e-01  4.38011678e-05  1.35722041e-01 
 4.40364743e-05  3.05528228e-01  4.40364743e-05  1.35722041e-01 
 4.42040959e-05  3.05528228e-01  4.42040959e-05  1.35722041e-01 
 4.42997819e-05  3.05528228e-01  4.42997819e-05  1.35722041e-01 
 4.43880202e-05  3.05528228e-01  4.43880202e-05  1.35722041e-01 
 4.44671607e-05  3.05528228e-01  4.44671607e-05  1.35722041e-01 
 4.45476468e-05  3.05528228e-01  4.45476468e-05  1.35722041e-01 
 4.46339290e-05  3.05528228e-01  4.46339290e-05  1.35722041e-01 
 4.47961426e-05  3.05528228e-01  4.47961426e-05  1.35722041e-01 
 4.50889942e-05  3.05528228e-01  4.50889942e-05  1.35722041e-01 
 4.54452854e-05  3.05528228e-01  4.54452854e-05  1.35722041e-01 
 4.57962547e-05  3.05528228e-01  4.57962547e-05  1.35722041e-01 
 4.60066421e-05  3.05528228e-01  4.60066421e-05  1.35722041e-01 
 4.62267624e-05  3.05528228e-01  4.62267624e-05  1.35722041e-01 
 4.64595052e-05  3.05528228e-01  4.64595052e-05  1.35722041e-01 
 4.67041771e-05  3.05528228e-01  4.67041771e-05  1.35722041e-01 
 4.68819128e-05  3.05528228e-01  4.68819128e-05  1.35722041e-01 
 4.70796752e-05  3.05528228e-01  4.70796752e-05  1.35722041e-01 
 4.72479323e-05  3.05528228e-01  4.72479323e-05  1.35722041e-01 
 4.74360845e-05  3.05528228e-01  4.74360845e-05  1.35722041e-01 
 4.76045681e-05  3.05528228e-01  4.76045681e-05  1.35722041e-01 
 4.77896348e-05  3.05528228e-01  4.77896348e-05  1.35722041e-01 
 4.79748949e-05  3.05528228e-01  4.79748949e-05  1.35722041e-01 
 4.81757169e-05  3.05528228e-01  4.81757169e-05  1.35722041e-01 
 4.84062083e-05  3.05528228e-01  4.84062083e-05  1.35722041e-01 
 4.86397934e-05  3.05528228e-01  4.86397934e-05  1.35722041e-01 
 4.89425609e-05  3.05528228e-01  4.89425609e-05  1.35722041e-01 
 4.91966997e-05  3.05528228e-01  4.91966997e-05  1.35722041e-01 
 4.94635257e-05  3.05528228e-01  4.94635257e-05  1.35722041e-01 
 4.98107431e-05  3.05528228e-01  4.98107431e-05  1.35722041e-01 
 5.00726861e-05  3.05528228e-01  5.00726861e-05  1.35722041e-01 
 5.03457327e-05  3.05528228e-01  5.03457327e-05  1.35722041e-01 
 5.06543511e-05  3.05528228e-01  5.06543511e-05  1.35722041e-01 
 5.08883277e-05  3.05528228e-01  5.08883277e-05  1.35722041e-01 
 5.11084989e-05  3.05528228e-01  5.11084989e-05  1.35722041e-01 
 5.13212557e-05  3.05528228e-01  5.13212557e-05  1.35722041e-01 
 5.14997067e-05  3.05528228e-01  5.14997067e-05  1.35722041e-01 
 5.16973131e-05  3.05528228e-01  5.16973131e-05  1.35722041e-01 
 5.18775123e-05  3.05528228e-01  5.18775123e-05  1.35722041e-01 
 5.20777053e-05  3.05528228e-01  5.20777053e-05  1.35722041e-01 
 5.22654328e-05  3.05528228e-01  5.22654328e-05  1.35722041e-01 
 5.24680446e-05  3.05528228e-01  5.24680446e-05  1.35722041e-01 
 5.26911693e-05  3.05528228e-01  5.26911693e-05  1.35722041e-01 
 5.29227385e-05  3.05528228e-01  5.29227385e-05  1.35722041e-01 
 5.31781279e-05  3.05528228e-01  5.31781279e-05  1.35722041e-01 
 5.34471612e-05  3.05528228e-01  5.34471612e-05  1.35722041e-01 
 5.37299798e-05  3.05528228e-01  5.37299798e-05  1.35722041e-01 
 5.40958562e-05  3.05528228e-01  5.40958562e-05  1.35722041e-01 
 5.45151712e-05  3.05528228e-01  5.45151712e-05  1.35722041e-01 
 5.49387802e-05  3.05528228e-01  5.49387802e-05  1.35722041e-01 
 5.54027479e-05  3.05528228e-01  5.54027479e-05  1.35722041e-01 
 5.60134471e-05  3.05528228e-01  5.60134471e-05  1.35722041e-01 
 5.68307264e-05  3.05528228e-01  5.68307264e-05  1.35722041e-01 
 5.77446782e-05  3.05528228e-01  5.77446782e-05  1.35722041e-01 
 5.87446782e-05  3.05528228e-01  5.87446782e-05  1.35722041e-01 
 5.97446782e-05  3.05528228e-01  5.97446782e-05  1.35722041e-01 
 6.07446782e-05  3.05528228e-01  6.07446782e-05  1.35722041e-01 
 6.17446782e-05  3.05528228e-01  6.17446782e-05  1.35722041e-01 
 6.27446782e-05  3.05528228e-01  6.27446782e-05  1.35722041e-01 
 6.37446782e-05  3.05528228e-01  6.37446782e-05  1.35722041e-01 
 6.47446782e-05  3.05528228e-01  6.47446782e-05  1.35722041e-01 
 6.57446782e-05  3.05528228e-01  6.57446782e-05  1.35722041e-01 
 6.67446782e-05  3.05528228e-01  6.67446782e-05  1.35722041e-01 
 6.77446782e-05  3.05528228e-01  6.77446782e-05  1.35722041e-01 
 6.87446782e-05  3.05528228e-01  6.87446782e-05  1.35722041e-01 
 6.97446782e-05  3.05528228e-01  6.97446782e-05  1.35722041e-01 
 7.07446782e-05  3.05528228e-01  7.07446782e-05  1.35722041e-01 
 7.17446782e-05  3.05528228e-01  7.17446782e-05  1.35722041e-01 
 7.27446782e-05  3.05528228e-01  7.27446782e-05  1.35722041e-01 
 7.37446782e-05  3.05528228e-01  7.37446782e-05  1.35722041e-01 
 7.47446782e-05  3.05528228e-01  7.47446782e-05  1.35722041e-01 
 7.57446782e-05  3.05528228e-01  7.57446782e-05  1.35722041e-01 
 7.67446782e-05  3.05528228e-01  7.67446782e-05  1.35722041e-01 
 7.77446782e-05  3.05528228e-01  7.77446782e-05  1.35722041e-01 
 7.87446782e-05  3.05528228e-01  7.87446782e-05  1.35722041e-01 
 7.97446782e-05  3.05528228e-01  7.97446782e-05  1.35722041e-01 
 8.07446782e-05  3.05528228e-01  8.07446782e-05  1.35722041e-01 
 8.17446782e-05  3.05528228e-01  8.17446782e-05  1.35722041e-01 
 8.27446782e-05  3.05528228e-01  8.27446782e-05  1.35722041e-01 
 8.37446782e-05  3.05528228e-01  8.37446782e-05  1.35722041e-01 
 8.47446782e-05  3.05528228e-01  8.47446782e-05  1.35722041e-01 
 8.57446782e-05  3.05528228e-01  8.57446782e-05  1.35722041e-01 
 8.67446782e-05  3.05528228e-01  8.67446782e-05  1.35722041e-01 
 8.77446782e-05  3.05528228e-01  8.77446782e-05  1.35722041e-01 
 8.87446782e-05  3.05528228e-01  8.87446782e-05  1.35722041e-01 
 8.97446782e-05  3.05528228e-01  8.97446782e-05  1.35722041e-01 
 9.07446782e-05  3.05528228e-01  9.07446782e-05  1.35722041e-01 
 9.17446782e-05  3.05528228e-01  9.17446782e-05  1.35722041e-01 
 9.27446782e-05  3.05528228e-01  9.27446782e-05  1.35722041e-01 
 9.37446782e-05  3.05528228e-01  9.37446782e-05  1.35722041e-01 
 9.47446782e-05  3.05528228e-01  9.47446782e-05  1.35722041e-01 
 9.57446782e-05  3.05528228e-01  9.57446782e-05  1.35722041e-01 
 9.67446782e-05  3.05528228e-01  9.67446782e-05  1.35722041e-01 
 9.77446782e-05  3.05528228e-01  9.77446782e-05  1.35722041e-01 
 9.87446782e-05  3.05528228e-01  9.87446782e-05  1.35722041e-01 
 9.97446782e-05  3.05528228e-01  9.97446782e-05  1.35722041e-01 
 1.00744678e-04  3.05528228e-01  1.00744678e-04  1.35722041e-01 
 1.01744678e-04  3.05528228e-01  1.01744678e-04  1.35722041e-01 
 1.02744678e-04  3.05528228e-01  1.02744678e-04  1.35722041e-01 
 1.03744678e-04  3.05528228e-01  1.03744678e-04  1.35722041e-01 
 1.04744678e-04  3.05528228e-01  1.04744678e-04  1.35722041e-01 
 1.05744678e-04  3.05528228e-01  1.05744678e-04  1.35722041e-01 
 1.06744678e-04  3.05528228e-01  1.06744678e-04  1.35722041e-01 
 1.07744678e-04  3.05528228e-01  1.07744678e-04  1.35722041e-01 
 1.08744678e-04  3.05528228e-01  1.08744678e-04  1.35722041e-01 
 1.09744678e-04  3.05528228e-01  1.09744678e-04  1.35722041e-01 
 1.10744678e-04  3.05528228e-01  1.10744678e-04  1.35722041e-01 
 1.11744678e-04  3.05528228e-01  1.11744678e-04  1.35722041e-01 
 1.12744678e-04  3.05528228e-01  1.12744678e-04  1.35722041e-01 
 1.13744678e-04  3.05528228e-01  1.13744678e-04  1.35722041e-01 
 1.14744678e-04  3.05528228e-01  1.14744678e-04  1.35722041e-01 
 1.15744678e-04  3.05528228e-01  1.15744678e-04  1.35722041e-01 
 1.16744678e-04  3.05528228e-01  1.16744678e-04  1.35722041e-01 
 1.17744678e-04  3.05528228e-01  1.17744678e-04  1.35722041e-01 
 1.18744678e-04  3.05528228e-01  1.18744678e-04  1.35722041e-01 
 1.19744678e-04  3.05528228e-01  1.19744678e-04  1.35722041e-01 
 1.20744678e-04  3.05528228e-01  1.20744678e-04  1.35722041e-01 
 1.21744678e-04  3.05528228e-01  1.21744678e-04  1.35722041e-01 
 1.22744678e-04  3.05528228e-01  1.22744678e-04  1.35722041e-01 
 1.23744678e-04  3.05528228e-01  1.23744678e-04  1.35722041e-01 
 1.24744678e-04  3.05528228e-01  1.24744678e-04  1.35722041e-01 
 1.25744678e-04  3.05528228e-01  1.25744678e-04  1.35722041e-01 
 1.26744678e-04  3.05528228e-01  1.26744678e-04  1.35722041e-01 
 1.27744678e-04  3.05528228e-01  1.27744678e-04  1.35722041e-01 
 1.28744678e-04  3.05528228e-01  1.28744678e-04  1.35722041e-01 
 1.29744678e-04  3.05528228e-01  1.29744678e-04  1.35722041e-01 
 1.30744678e-04  3.05528228e-01  1.30744678e-04  1.35722041e-01 
 1.31744678e-04  3.05528228e-01  1.31744678e-04  1.35722041e-01 
 1.32744678e-04  3.05528228e-01  1.32744678e-04  1.35722041e-01 
 1.33744678e-04  3.05528228e-01  1.33744678e-04  1.35722041e-01 
 1.34744678e-04  3.05528228e-01  1.34744678e-04  1.35722041e-01 
 1.35744678e-04  3.05528228e-01  1.35744678e-04  1.35722041e-01 
 1.36744678e-04  3.05528228e-01  1.36744678e-04  1.35722041e-01 
 1.37744678e-04  3.05528228e-01  1.37744678e-04  1.35722041e-01 
 1.38744678e-04  3.05528228e-01  1.38744678e-04  1.35722041e-01 
 1.39744678e-04  3.05528228e-01  1.39744678e-04  1.35722041e-01 
 1.40744678e-04  3.05528228e-01  1.40744678e-04  1.35722041e-01 
 1.41744678e-04  3.05528228e-01  1.41744678e-04  1.35722041e-01 
 1.42744678e-04  3.05528228e-01  1.42744678e-04  1.35722041e-01 
 1.43744678e-04  3.05528228e-01  1.43744678e-04  1.35722041e-01 
 1.44744678e-04  3.05528228e-01  1.44744678e-04  1.35722041e-01 
 1.45744678e-04  3.05528228e-01  1.45744678e-04  1.35722041e-01 
 1.46744678e-04  3.05528228e-01  1.46744678e-04  1.35722041e-01 
 1.47744678e-04  3.05528228e-01  1.47744678e-04  1.35722041e-01 
 1.48744678e-04  3.05528228e-01  1.48744678e-04  1.35722041e-01 
 1.49744678e-04  3.05528228e-01  1.49744678e-04  1.35722041e-01 
 1.50744678e-04  3.05528228e-01  1.50744678e-04  1.35722041e-01 
 1.51744678e-04  3.05528228e-01  1.51744678e-04  1.35722041e-01 
 1.52744678e-04  3.05528228e-01  1.52744678e-04  1.35722041e-01 
 1.53744678e-04  3.05528228e-01  1.53744678e-04  1.35722041e-01 
 1.54744678e-04  3.05528228e-01  1.54744678e-04  1.35722041e-01 
 1.55744678e-04  3.05528228e-01  1.55744678e-04  1.35722041e-01 
 1.56744678e-04  3.05528228e-01  1.56744678e-04  1.35722041e-01 
 1.57744678e-04  3.05528228e-01  1.57744678e-04  1.35722041e-01 
 1.58744678e-04  3.05528228e-01  1.58744678e-04  1.35722041e-01 
 1.59744678e-04  3.05528228e-01  1.59744678e-04  1.35722041e-01 
 1.60744678e-04  3.05528228e-01  1.60744678e-04  1.35722041e-01 
 1.61744678e-04  3.05528228e-01  1.61744678e-04  1.35722041e-01 
 1.62744678e-04  3.05528228e-01  1.62744678e-04  1.35722041e-01 
 1.63744678e-04  3.05528228e-01  1.63744678e-04  1.35722041e-01 
 1.64744678e-04  3.05528228e-01  1.64744678e-04  1.35722041e-01 
 1.65744678e-04  3.05528228e-01  1.65744678e-04  1.35722041e-01 
 1.66744678e-04  3.05528228e-01  1.66744678e-04  1.35722041e-01 
 1.67744678e-04  3.05528228e-01  1.67744678e-04  1.35722041e-01 
 1.68744678e-04  3.05528228e-01  1.68744678e-04  1.35722041e-01 
 1.69744678e-04  3.05528228e-01  1.69744678e-04  1.35722041e-01 
 1.70744678e-04  3.05528228e-01  1.70744678e-04  1.35722041e-01 
 1.71744678e-04  3.05528228e-01  1.71744678e-04  1.35722041e-01 
 1.72744678e-04  3.05528228e-01  1.72744678e-04  1.35722041e-01 
 1.73744678e-04  3.05528228e-01  1.73744678e-04  1.35722041e-01 
 1.74744678e-04  3.05528228e-01  1.74744678e-04  1.35722041e-01 
 1.75744678e-04  3.05528228e-01  1.75744678e-04  1.35722041e-01 
 1.76744678e-04  3.05528228e-01  1.76744678e-04  1.35722041e-01 
 1.77744678e-04  3.05528228e-01  1.77744678e-04  1.35722041e-01 
 1.78744678e-04  3.05528228e-01  1.78744678e-04  1.35722041e-01 
 1.79744678e-04  3.05528228e-01  1.79744678e-04  1.35722041e-01 
 1.80744678e-04  3.05528228e-01  1.80744678e-04  1.35722041e-01 
 1.81744678e-04  3.05528228e-01  1.81744678e-04  1.35722041e-01 
 1.82744678e-04  3.05528228e-01  1.82744678e-04  1.35722041e-01 
 1.83744678e-04  3.05528228e-01  1.83744678e-04  1.35722041e-01 
 1.84744678e-04  3.05528228e-01  1.84744678e-04  1.35722041e-01 
 1.85744678e-04  3.05528228e-01  1.85744678e-04  1.35722041e-01 
 1.86744678e-04  3.05528228e-01  1.86744678e-04  1.35722041e-01 
 1.87744678e-04  3.05528228e-01  1.87744678e-04  1.35722041e-01 
 1.88744678e-04  3.05528228e-01  1.88744678e-04  1.35722041e-01 
 1.89744678e-04  3.05528228e-01  1.89744678e-04  1.35722041e-01 
 1.90744678e-04  3.05528228e-01  1.90744678e-04  1.35722041e-01 
 1.91744678e-04  3.05528228e-01  1.91744678e-04  1.35722041e-01 
 1.92744678e-04  3.05528228e-01  1.92744678e-04  1.35722041e-01 
 1.93744678e-04  3.05528228e-01  1.93744678e-04  1.35722041e-01 
 1.94744678e-04  3.05528228e-01  1.94744678e-04  1.35722041e-01 
 1.95744678e-04  3.05528228e-01  1.95744678e-04  1.35722041e-01 
 1.96744678e-04  3.05528228e-01  1.96744678e-04  1.35722041e-01 
 1.97744678e-04  3.05528228e-01  1.97744678e-04  1.35722041e-01 
 1.98744678e-04  3.05528228e-01  1.98744678e-04  1.35722041e-01 
 1.99744678e-04  3.05528228e-01  1.99744678e-04  1.35722041e-01 
 2.00744678e-04  3.05528228e-01  2.00744678e-04  1.35722041e-01 
 2.01000001e-04  3.05528228e-01  2.01000001e-04  1.35722041e-01 
 2.01000001e-04  3.05528228e-01  2.01000001e-04  1.35722041e-01 
 2.01000001e-04  3.05528228e-01  2.01000001e-04  1.35722041e-01 
 2.01000002e-04  3.05528228e-01  2.01000002e-04  1.35722041e-01 
 2.01000002e-04  3.05528228e-01  2.01000002e-04  1.35722041e-01 
 2.01000002e-04  3.05528228e-01  2.01000002e-04  1.35722041e-01 
 2.01000002e-04  3.05528228e-01  2.01000002e-04  1.35722041e-01 
 2.01000003e-04  3.05528228e-01  2.01000003e-04  1.35722041e-01 
 2.01000003e-04  3.05528228e-01  2.01000003e-04  1.35722041e-01 
 2.01000004e-04  3.05528228e-01  2.01000004e-04  1.35722041e-01 
 2.01000007e-04  3.05528228e-01  2.01000007e-04  1.35722041e-01 
 2.01000012e-04  3.05528228e-01  2.01000012e-04  1.35722041e-01 
 2.01000022e-04  3.05528228e-01  2.01000022e-04  1.35722041e-01 
 2.01000043e-04  3.05528228e-01  2.01000043e-04  1.35722041e-01 
 2.01000084e-04  3.05528228e-01  2.01000084e-04  1.35722041e-01 
 2.01000166e-04  3.05528228e-01  2.01000166e-04  1.35722041e-01 
 2.01000330e-04  3.05528228e-01  2.01000330e-04  1.35722041e-01 
 2.01000657e-04  3.05528228e-01  2.01000657e-04  1.35722041e-01 
 2.01001313e-04  3.05528228e-01  2.01001313e-04  1.35722041e-01 
 2.01002623e-04  3.05528228e-01  2.01002623e-04  1.35722041e-01 
 2.01005245e-04  3.05528228e-01  2.01005245e-04  1.35722041e-01 
 2.01010488e-04  3.05528228e-01  2.01010488e-04  1.35722041e-01 
 2.01020973e-04  3.05528228e-01  2.01020973e-04  1.35722041e-01 
 2.01041945e-04  3.05528228e-01  2.01041945e-04  1.35722041e-01 
 2.01062893e-04  3.05528228e-01  2.01062893e-04  1.35722041e-01 
 2.01100889e-04  3.05528228e-01  2.01100889e-04  1.35722041e-01 
 2.01173236e-04  3.05528228e-01  2.01173236e-04  1.35722041e-01 
 2.01277759e-04  3.05528228e-01  2.01277759e-04  1.35722041e-01 
 2.01486807e-04  3.05528228e-01  2.01486807e-04  1.35722041e-01 
 2.01904903e-04  3.05528228e-01  2.01904903e-04  1.35722041e-01 
 2.01967890e-04  3.05528228e-01  2.01967890e-04  1.35722041e-01 
 2.02093864e-04  3.05528228e-01  2.02093864e-04  1.35722041e-01 
 2.02233058e-04  3.05528228e-01  2.02233058e-04  1.35722041e-01 
 2.02385645e-04  3.05528228e-01  2.02385645e-04  1.35722041e-01 
 2.02468374e-04  3.05528228e-01  2.02468374e-04  1.35722041e-01 
 2.02546764e-04  3.05528228e-01  2.02546764e-04  1.35722041e-01 
 2.02647128e-04  3.05528228e-01  2.02647128e-04  1.35722041e-01 
 2.02722344e-04  3.05528228e-01  2.02722344e-04  1.35722041e-01 
 2.02785883e-04  3.05528228e-01  2.02785883e-04  1.35722041e-01 
 2.02852080e-04  3.05528228e-01  2.02852080e-04  1.35722041e-01 
 2.02966953e-04  3.05528228e-01  2.02966953e-04  1.35722041e-01 
 2.03121522e-04  3.05528228e-01  2.03121522e-04  1.35722041e-01 
 2.03430659e-04  3.05528228e-01  2.03430659e-04  1.35722041e-01 
 2.03701906e-04  3.05528228e-01  2.03701906e-04  1.35722041e-01 
 2.03921340e-04  3.05528228e-01  2.03921340e-04  1.35722041e-01 
 2.04035705e-04  3.05528228e-01  2.04035705e-04  1.35722041e-01 
 2.04141409e-04  3.05528228e-01  2.04141409e-04  1.35722041e-01 
 2.04251108e-04  3.05528228e-01  2.04251108e-04  1.35722041e-01 
 2.04354409e-04  3.05528228e-01  2.04354409e-04  1.35722041e-01 
 2.04474350e-04  3.05528228e-01  2.04474350e-04  1.35722041e-01 
 2.04643487e-04  3.05528228e-01  2.04643487e-04  1.35722041e-01 
 2.04981761e-04  3.05528228e-01  2.04981761e-04  1.35722041e-01 
 2.05278553e-04  3.05528228e-01  2.05278553e-04  1.35722041e-01 
 2.05503061e-04  3.05528228e-01  2.05503061e-04  1.35722041e-01 
 2.05624324e-04  3.05528228e-01  2.05624324e-04  1.35722041e-01 
 2.05720467e-04  3.05528228e-01  2.05720467e-04  1.35722041e-01 
 2.05820930e-04  3.05528228e-01  2.05820930e-04  1.35722041e-01 
 2.05930852e-04  3.05528228e-01  2.05930852e-04  1.35722041e-01 
 2.06150696e-04  3.05528228e-01  2.06150696e-04  1.35722041e-01 
 2.06590383e-04  3.05528228e-01  2.06590383e-04  1.35722041e-01 
 2.07001307e-04  3.05528228e-01  2.07001307e-04  1.35722041e-01 
 2.07265053e-04  3.05528228e-01  2.07265053e-04  1.35722041e-01 
 2.07425797e-04  3.05528228e-01  2.07425797e-04  1.35722041e-01 
 2.07560706e-04  3.05528228e-01  2.07560706e-04  1.35722041e-01 
 2.07699607e-04  3.05528228e-01  2.07699607e-04  1.35722041e-01 
 2.07863628e-04  3.05528228e-01  2.07863628e-04  1.35722041e-01 
 2.08164157e-04  3.05528228e-01  2.08164157e-04  1.35722041e-01 
 2.08427909e-04  3.05528228e-01  2.08427909e-04  1.35722041e-01 
 2.08644775e-04  3.05528228e-01  2.08644775e-04  1.35722041e-01 
 2.08755971e-04  3.05528228e-01  2.08755971e-04  1.35722041e-01 
 2.08854331e-04  3.05528228e-01  2.08854331e-04  1.35722041e-01 
 2.08959757e-04  3.05528228e-01  2.08959757e-04  1.35722041e-01 
 2.09068466e-04  3.05528228e-01  2.09068466e-04  1.35722041e-01 
 2.09215393e-04  3.05528228e-01  2.09215393e-04  1.35722041e-01 
 2.09421967e-04  3.05528228e-01  2.09421967e-04  1.35722041e-01 
 2.09781486e-04  3.05528228e-01  2.09781486e-04  1.35722041e-01 
 2.10160263e-04  3.05528228e-01  2.10160263e-04  1.35722041e-01 
 2.10407963e-04  3.05528228e-01  2.10407963e-04  1.35722041e-01 
 2.10588158e-04  3.05528228e-01  2.10588158e-04  1.35722041e-01 
 2.10748184e-04  3.05528228e-01  2.10748184e-04  1.35722041e-01 
 2.10910018e-04  3.05528228e-01  2.10910018e-04  1.35722041e-01 
 2.11107300e-04  3.05528228e-01  2.11107300e-04  1.35722041e-01 
 2.11428496e-04  3.05528228e-01  2.11428496e-04  1.35722041e-01 
 2.11747171e-04  3.05528228e-01  2.11747171e-04  1.35722041e-01 
 2.11962807e-04  3.05528228e-01  2.11962807e-04  1.35722041e-01 
 2.12161371e-04  3.05528228e-01  2.12161371e-04  1.35722041e-01 
 2.12403477e-04  3.05528228e-01  2.12403477e-04  1.35722041e-01 
 2.12663485e-04  3.05528228e-01  2.12663485e-04  1.35722041e-01 
 2.12863593e-04  3.05528228e-01  2.12863593e-04  1.35722041e-01 
 2.13060903e-04  3.05528228e-01  2.13060903e-04  1.35722041e-01 
 2.13243032e-04  3.05528228e-01  2.13243032e-04  1.35722041e-01 
 2.13429728e-04  3.05528228e-01  2.13429728e-04  1.35722041e-01 
 2.13711069e-04  3.05528228e-01  2.13711069e-04  1.35722041e-01 
 2.13867963e-04  3.05528228e-01  2.13867963e-04  1.35722041e-01 
 2.14023611e-04  3.05528228e-01  2.14023611e-04  1.35722041e-01 
 2.14155330e-04  3.05528228e-01  2.14155330e-04  1.35722041e-01 
 2.14292652e-04  3.05528228e-01  2.14292652e-04  1.35722041e-01 
 2.14520952e-04  3.05528228e-01  2.14520952e-04  1.35722041e-01 
 2.14725373e-04  3.05528228e-01  2.14725373e-04  1.35722041e-01 
 2.14911257e-04  3.05528228e-01  2.14911257e-04  1.35722041e-01 
 2.15036129e-04  3.05528228e-01  2.15036129e-04  1.35722041e-01 
 2.15131083e-04  3.05528228e-01  2.15131083e-04  1.35722041e-01 
 2.15239833e-04  3.05528228e-01  2.15239833e-04  1.35722041e-01 
 2.15407420e-04  3.05528228e-01  2.15407420e-04  1.35722041e-01 
 2.15648197e-04  3.05528228e-01  2.15648197e-04  1.35722041e-01 
 2.15911303e-04  3.05528228e-01  2.15911303e-04  1.35722041e-01 
 2.16174873e-04  3.05528228e-01  2.16174873e-04  1.35722041e-01 
 2.16372494e-04  3.05528228e-01  2.16372494e-04  1.35722041e-01 
 2.16567652e-04  3.05528228e-01  2.16567652e-04  1.35722041e-01 
 2.16785538e-04  3.05528228e-01  2.16785538e-04  1.35722041e-01 
 2.17006367e-04  3.05528228e-01  2.17006367e-04  1.35722041e-01 
 2.17243224e-04  3.05528228e-01  2.17243224e-04  1.35722041e-01 
 2.17473661e-04  3.05528228e-01  2.17473661e-04  1.35722041e-01 
 2.17712717e-04  3.05528228e-01  2.17712717e-04  1.35722041e-01 
 2.17897836e-04  3.05528228e-01  2.17897836e-04  1.35722041e-01 
 2.18100903e-04  3.05528228e-01  2.18100903e-04  1.35722041e-01 
 2.18298923e-04  3.05528228e-01  2.18298923e-04  1.35722041e-01 
 2.18509291e-04  3.05528228e-01  2.18509291e-04  1.35722041e-01 
 2.18778684e-04  3.05528228e-01  2.18778684e-04  1.35722041e-01 
 2.19051750e-04  3.05528228e-01  2.19051750e-04  1.35722041e-01 
 2.19312188e-04  3.05528228e-01  2.19312188e-04  1.35722041e-01 
 2.19614888e-04  3.05528228e-01  2.19614888e-04  1.35722041e-01 
 2.19920924e-04  3.05528228e-01  2.19920924e-04  1.35722041e-01 
 2.20260893e-04  3.05528228e-01  2.20260893e-04  1.35722041e-01 
 2.20653184e-04  3.05528228e-01  2.20653184e-04  1.35722041e-01 
 2.21046864e-04  3.05528228e-01  2.21046864e-04  1.35722041e-01 
 2.21460067e-04  3.05528228e-01  2.21460067e-04  1.35722041e-01 
 2.22068879e-04  3.05528228e-01  2.22068879e-04  1.35722041e-01 
 2.22755433e-04  3.05528228e-01  2.22755433e-04  1.35722041e-01 
 2.23516752e-04  3.05528228e-01  2.23516752e-04  1.35722041e-01 
 2.24278587e-04  3.05528228e-01  2.24278587e-04  1.35722041e-01 
 2.25110237e-04  3.05528228e-01  2.25110237e-04  1.35722041e-01 
 2.26025541e-04  3.05528228e-01  2.26025541e-04  1.35722041e-01 
 2.27025541e-04  3.05528228e-01  2.27025541e-04  1.35722041e-01 
 2.28025541e-04  3.05528228e-01  2.28025541e-04  1.35722041e-01 
 2.29025541e-04  3.05528228e-01  2.29025541e-04  1.35722041e-01 
 2.30025541e-04  3.05528228e-01  2.30025541e-04  1.35722041e-01 
 2.31025541e-04  3.05528228e-01  2.31025541e-04  1.35722041e-01 
 2.32025541e-04  3.05528228e-01  2.32025541e-04  1.35722041e-01 
 2.33025541e-04  3.05528228e-01  2.33025541e-04  1.35722041e-01 
 2.34025541e-04  3.05528228e-01  2.34025541e-04  1.35722041e-01 
 2.35025541e-04  3.05528228e-01  2.35025541e-04  1.35722041e-01 
 2.36025541e-04  3.05528228e-01  2.36025541e-04  1.35722041e-01 
 2.37025541e-04  3.05528228e-01  2.37025541e-04  1.35722041e-01 
 2.38025541e-04  3.05528228e-01  2.38025541e-04  1.35722041e-01 
 2.39025541e-04  3.05528228e-01  2.39025541e-04  1.35722041e-01 
 2.40025541e-04  3.05528228e-01  2.40025541e-04  1.35722041e-01 
 2.41025541e-04  3.05528228e-01  2.41025541e-04  1.35722041e-01 
 2.42025541e-04  3.05528228e-01  2.42025541e-04  1.35722041e-01 
 2.43025541e-04  3.05528228e-01  2.43025541e-04  1.35722041e-01 
 2.44025541e-04  3.05528228e-01  2.44025541e-04  1.35722041e-01 
 2.45025541e-04  3.05528228e-01  2.45025541e-04  1.35722041e-01 
 2.46025541e-04  3.05528228e-01  2.46025541e-04  1.35722041e-01 
 2.47025541e-04  3.05528228e-01  2.47025541e-04  1.35722041e-01 
 2.48025541e-04  3.05528228e-01  2.48025541e-04  1.35722041e-01 
 2.49025541e-04  3.05528228e-01  2.49025541e-04  1.35722041e-01 
 2.50025541e-04  3.05528228e-01  2.50025541e-04  1.35722041e-01 
 2.51025541e-04  3.05528228e-01  2.51025541e-04  1.35722041e-01 
 2.52025541e-04  3.05528228e-01  2.52025541e-04  1.35722041e-01 
 2.53025541e-04  3.05528228e-01  2.53025541e-04  1.35722041e-01 
 2.54025541e-04  3.05528228e-01  2.54025541e-04  1.35722041e-01 
 2.55025541e-04  3.05528228e-01  2.55025541e-04  1.35722041e-01 
 2.56025541e-04  3.05528228e-01  2.56025541e-04  1.35722041e-01 
 2.57025541e-04  3.05528228e-01  2.57025541e-04  1.35722041e-01 
 2.58025541e-04  3.05528228e-01  2.58025541e-04  1.35722041e-01 
 2.59025541e-04  3.05528228e-01  2.59025541e-04  1.35722041e-01 
 2.60025541e-04  3.05528228e-01  2.60025541e-04  1.35722041e-01 
 2.61025541e-04  3.05528228e-01  2.61025541e-04  1.35722041e-01 
 2.62025541e-04  3.05528228e-01  2.62025541e-04  1.35722041e-01 
 2.63025541e-04  3.05528228e-01  2.63025541e-04  1.35722041e-01 
 2.64025541e-04  3.05528228e-01  2.64025541e-04  1.35722041e-01 
 2.65025541e-04  3.05528228e-01  2.65025541e-04  1.35722041e-01 
 2.66025541e-04  3.05528228e-01  2.66025541e-04  1.35722041e-01 
 2.67025541e-04  3.05528228e-01  2.67025541e-04  1.35722041e-01 
 2.68025541e-04  3.05528228e-01  2.68025541e-04  1.35722041e-01 
 2.69025541e-04  3.05528228e-01  2.69025541e-04  1.35722041e-01 
 2.70025541e-04  3.05528228e-01  2.70025541e-04  1.35722041e-01 
 2.71025541e-04  3.05528228e-01  2.71025541e-04  1.35722041e-01 
 2.72025541e-04  3.05528228e-01  2.72025541e-04  1.35722041e-01 
 2.73025541e-04  3.05528228e-01  2.73025541e-04  1.35722041e-01 
 2.74025541e-04  3.05528228e-01  2.74025541e-04  1.35722041e-01 
 2.75025541e-04  3.05528228e-01  2.75025541e-04  1.35722041e-01 
 2.76025541e-04  3.05528228e-01  2.76025541e-04  1.35722041e-01 
 2.77025541e-04  3.05528228e-01  2.77025541e-04  1.35722041e-01 
 2.78025541e-04  3.05528228e-01  2.78025541e-04  1.35722041e-01 
 2.79025541e-04  3.05528228e-01  2.79025541e-04  1.35722041e-01 
 2.80025541e-04  3.05528228e-01  2.80025541e-04  1.35722041e-01 
 2.81025541e-04  3.05528228e-01  2.81025541e-04  1.35722041e-01 
 2.82025541e-04  3.05528228e-01  2.82025541e-04  1.35722041e-01 
 2.83025541e-04  3.05528228e-01  2.83025541e-04  1.35722041e-01 
 2.84025541e-04  3.05528228e-01  2.84025541e-04  1.35722041e-01 
 2.85025541e-04  3.05528228e-01  2.85025541e-04  1.35722041e-01 
 2.86025541e-04  3.05528228e-01  2.86025541e-04  1.35722041e-01 
 2.87025541e-04  3.05528228e-01  2.87025541e-04  1.35722041e-01 
 2.88025541e-04  3.05528228e-01  2.88025541e-04  1.35722041e-01 
 2.89025541e-04  3.05528228e-01  2.89025541e-04  1.35722041e-01 
 2.90025541e-04  3.05528228e-01  2.90025541e-04  1.35722041e-01 
 2.91025541e-04  3.05528228e-01  2.91025541e-04  1.35722041e-01 
 2.92025541e-04  3.05528228e-01  2.92025541e-04  1.35722041e-01 
 2.93025541e-04  3.05528228e-01  2.93025541e-04  1.35722041e-01 
 2.94025541e-04  3.05528228e-01  2.94025541e-04  1.35722041e-01 
 2.95025541e-04  3.05528228e-01  2.95025541e-04  1.35722041e-01 
 2.96025541e-04  3.05528228e-01  2.96025541e-04  1.35722041e-01 
 2.97025541e-04  3.05528228e-01  2.97025541e-04  1.35722041e-01 
 2.98025541e-04  3.05528228e-01  2.98025541e-04  1.35722041e-01 
 2.99025541e-04  3.05528228e-01  2.99025541e-04  1.35722041e-01 
 3.00025541e-04  3.05528228e-01  3.00025541e-04  1.35722041e-01 
 3.01025541e-04  3.05528228e-01  3.01025541e-04  1.35722041e-01 
 3.02025541e-04  3.05528228e-01  3.02025541e-04  1.35722041e-01 
 3.03025541e-04  3.05528228e-01  3.03025541e-04  1.35722041e-01 
 3.04025541e-04  3.05528228e-01  3.04025541e-04  1.35722041e-01 
 3.05025541e-04  3.05528228e-01  3.05025541e-04  1.35722041e-01 
 3.06025541e-04  3.05528228e-01  3.06025541e-04  1.35722041e-01 
 3.07025541e-04  3.05528228e-01  3.07025541e-04  1.35722041e-01 
 3.08025541e-04  3.05528228e-01  3.08025541e-04  1.35722041e-01 
 3.09025541e-04  3.05528228e-01  3.09025541e-04  1.35722041e-01 
 3.10025541e-04  3.05528228e-01  3.10025541e-04  1.35722041e-01 
 3.11025541e-04  3.05528228e-01  3.11025541e-04  1.35722041e-01 
 3.12025541e-04  3.05528228e-01  3.12025541e-04  1.35722041e-01 
 3.13025541e-04  3.05528228e-01  3.13025541e-04  1.35722041e-01 
 3.14025541e-04  3.05528228e-01  3.14025541e-04  1.35722041e-01 
 3.15025541e-04  3.05528228e-01  3.15025541e-04  1.35722041e-01 
 3.16025541e-04  3.05528228e-01  3.16025541e-04  1.35722041e-01 
 3.17025541e-04  3.05528228e-01  3.17025541e-04  1.35722041e-01 
 3.18025541e-04  3.05528228e-01  3.18025541e-04  1.35722041e-01 
 3.19025541e-04  3.05528228e-01  3.19025541e-04  1.35722041e-01 
 3.20025541e-04  3.05528228e-01  3.20025541e-04  1.35722041e-01 
 3.21025541e-04  3.05528228e-01  3.21025541e-04  1.35722041e-01 
 3.22025541e-04  3.05528228e-01  3.22025541e-04  1.35722041e-01 
 3.23025541e-04  3.05528228e-01  3.23025541e-04  1.35722041e-01 
 3.24025541e-04  3.05528228e-01  3.24025541e-04  1.35722041e-01 
 3.25025541e-04  3.05528228e-01  3.25025541e-04  1.35722041e-01 
 3.26025541e-04  3.05528228e-01  3.26025541e-04  1.35722041e-01 
 3.27025541e-04  3.05528228e-01  3.27025541e-04  1.35722041e-01 
 3.28025541e-04  3.05528228e-01  3.28025541e-04  1.35722041e-01 
 3.29025541e-04  3.05528228e-01  3.29025541e-04  1.35722041e-01 
 3.30025541e-04  3.05528228e-01  3.30025541e-04  1.35722041e-01 
 3.31025541e-04  3.05528228e-01  3.31025541e-04  1.35722041e-01 
 3.32025541e-04  3.05528228e-01  3.32025541e-04  1.35722041e-01 
 3.33025541e-04  3.05528228e-01  3.33025541e-04  1.35722041e-01 
 3.34025541e-04  3.05528228e-01  3.34025541e-04  1.35722041e-01 
 3.35025541e-04  3.05528228e-01  3.35025541e-04  1.35722041e-01 
 3.36025541e-04  3.05528228e-01  3.36025541e-04  1.35722041e-01 
 3.37025541e-04  3.05528228e-01  3.37025541e-04  1.35722041e-01 
 3.38025541e-04  3.05528228e-01  3.38025541e-04  1.35722041e-01 
 3.39025541e-04  3.05528228e-01  3.39025541e-04  1.35722041e-01 
 3.40025541e-04  3.05528228e-01  3.40025541e-04  1.35722041e-01 
 3.41025541e-04  3.05528228e-01  3.41025541e-04  1.35722041e-01 
 3.42025541e-04  3.05528228e-01  3.42025541e-04  1.35722041e-01 
 3.43025541e-04  3.05528228e-01  3.43025541e-04  1.35722041e-01 
 3.44025541e-04  3.05528228e-01  3.44025541e-04  1.35722041e-01 
 3.45025541e-04  3.05528228e-01  3.45025541e-04  1.35722041e-01 
 3.46025541e-04  3.05528228e-01  3.46025541e-04  1.35722041e-01 
 3.47025541e-04  3.05528228e-01  3.47025541e-04  1.35722041e-01 
 3.48025541e-04  3.05528228e-01  3.48025541e-04  1.35722041e-01 
 3.49025541e-04  3.05528228e-01  3.49025541e-04  1.35722041e-01 
 3.50025541e-04  3.05528228e-01  3.50025541e-04  1.35722041e-01 
 3.51025541e-04  3.05528228e-01  3.51025541e-04  1.35722041e-01 
 3.52025541e-04  3.05528228e-01  3.52025541e-04  1.35722041e-01 
 3.53025541e-04  3.05528228e-01  3.53025541e-04  1.35722041e-01 
 3.54025541e-04  3.05528228e-01  3.54025541e-04  1.35722041e-01 
 3.55025541e-04  3.05528228e-01  3.55025541e-04  1.35722041e-01 
 3.56025541e-04  3.05528228e-01  3.56025541e-04  1.35722041e-01 
 3.57025541e-04  3.05528228e-01  3.57025541e-04  1.35722041e-01 
 3.58025541e-04  3.05528228e-01  3.58025541e-04  1.35722041e-01 
 3.59025541e-04  3.05528228e-01  3.59025541e-04  1.35722041e-01 
 3.60025541e-04  3.05528228e-01  3.60025541e-04  1.35722041e-01 
 3.61025541e-04  3.05528228e-01  3.61025541e-04  1.35722041e-01 
 3.62025541e-04  3.05528228e-01  3.62025541e-04  1.35722041e-01 
 3.63025541e-04  3.05528228e-01  3.63025541e-04  1.35722041e-01 
 3.64025541e-04  3.05528228e-01  3.64025541e-04  1.35722041e-01 
 3.65025541e-04  3.05528228e-01  3.65025541e-04  1.35722041e-01 
 3.66025541e-04  3.05528228e-01  3.66025541e-04  1.35722041e-01 
 3.67025541e-04  3.05528228e-01  3.67025541e-04  1.35722041e-01 
 3.68025541e-04  3.05528228e-01  3.68025541e-04  1.35722041e-01 
 3.69025541e-04  3.05528228e-01  3.69025541e-04  1.35722041e-01 
 3.70025541e-04  3.05528228e-01  3.70025541e-04  1.35722041e-01 
 3.71025541e-04  3.05528228e-01  3.71025541e-04  1.35722041e-01 
 3.72025541e-04  3.05528228e-01  3.72025541e-04  1.35722041e-01 
 3.73025541e-04  3.05528228e-01  3.73025541e-04  1.35722041e-01 
 3.74025541e-04  3.05528228e-01  3.74025541e-04  1.35722041e-01 
 3.75025541e-04  3.05528228e-01  3.75025541e-04  1.35722041e-01 
 3.76025541e-04  3.05528228e-01  3.76025541e-04  1.35722041e-01 
 3.77025541e-04  3.05528228e-01  3.77025541e-04  1.35722041e-01 
 3.78025541e-04  3.05528228e-01  3.78025541e-04  1.35722041e-01 
 3.79025541e-04  3.05528228e-01  3.79025541e-04  1.35722041e-01 
 3.80025541e-04  3.05528228e-01  3.80025541e-04  1.35722041e-01 
 3.81025541e-04  3.05528228e-01  3.81025541e-04  1.35722041e-01 
 3.82025541e-04  3.05528228e-01  3.82025541e-04  1.35722041e-01 
 3.83025541e-04  3.05528228e-01  3.83025541e-04  1.35722041e-01 
 3.84025541e-04  3.05528228e-01  3.84025541e-04  1.35722041e-01 
 3.85025541e-04  3.05528228e-01  3.85025541e-04  1.35722041e-01 
 3.86025541e-04  3.05528228e-01  3.86025541e-04  1.35722041e-01 
 3.87025541e-04  3.05528228e-01  3.87025541e-04  1.35722041e-01 
 3.88025541e-04  3.05528228e-01  3.88025541e-04  1.35722041e-01 
 3.89025541e-04  3.05528228e-01  3.89025541e-04  1.35722041e-01 
 3.90025541e-04  3.05528228e-01  3.90025541e-04  1.35722041e-01 
 3.91025541e-04  3.05528228e-01  3.91025541e-04  1.35722041e-01 
 3.92025541e-04  3.05528228e-01  3.92025541e-04  1.35722041e-01 
 3.93025541e-04  3.05528228e-01  3.93025541e-04  1.35722041e-01 
 3.94025541e-04  3.05528228e-01  3.94025541e-04  1.35722041e-01 
 3.95025541e-04  3.05528228e-01  3.95025541e-04  1.35722041e-01 
 3.96025541e-04  3.05528228e-01  3.96025541e-04  1.35722041e-01 
 3.97025541e-04  3.05528228e-01  3.97025541e-04  1.35722041e-01 
 3.98025541e-04  3.05528228e-01  3.98025541e-04  1.35722041e-01 
 3.99025541e-04  3.05528228e-01  3.99025541e-04  1.35722041e-01 
 4.00025541e-04  3.05528228e-01  4.00025541e-04  1.35722041e-01 
 4.01000000e-04  3.05528228e-01  4.01000000e-04  1.35722041e-01 
