Title: test opamp tran
Date: Wed Sep 16 09:53:01  2026
Command: ngspice-45.2, Build Sep  6 2025   16:26:01
Plotname: Transient Analysis
Flags: real
No. Variables: 3
No. Points: 490
Variables:
	0	time	time
	1	v(vout3)	voltage
	2	v(visr)	voltage
Values:
 0	0.000000000000000e+00
	2.985606162267996e-01
	3.000000000000000e-01

 1	1.000000000000000e-08
	2.985606162279197e-01
	3.000000000000000e-01

 2	2.000000000000000e-08
	2.985606162288618e-01
	3.000000000000000e-01

 3	4.000000000000000e-08
	2.985606162303324e-01
	3.000000000000000e-01

 4	8.000000000000000e-08
	2.985606162346178e-01
	3.000000000000000e-01

 5	1.600000000000000e-07
	2.985606162256410e-01
	3.000000000000000e-01

 6	3.200000000000000e-07
	2.985606162185364e-01
	3.000000000000000e-01

 7	6.400000000000000e-07
	2.985606162388778e-01
	3.000000000000000e-01

 8	1.000000000000000e-06
	2.985606162144263e-01
	3.000000000000000e-01

 9	1.000000100000000e-06
	2.985613572702299e-01
	3.199999999878466e-01

 10	1.000000300000000e-06
	2.985628310419424e-01
	3.600000000058914e-01

 11	1.000000700000000e-06
	2.985657670468017e-01
	4.399999999996294e-01

 12	1.000001000000000e-06
	2.985679174517561e-01
	5.000000000000000e-01

 13	1.000001080000000e-06
	2.985679400370281e-01
	5.000000000000000e-01

 14	1.000001240000000e-06
	2.985679600624713e-01
	5.000000000000000e-01

 15	1.000001560000000e-06
	2.985679525703181e-01
	5.000000000000000e-01

 16	1.000002200000000e-06
	2.985679579386958e-01
	5.000000000000000e-01

 17	1.000003480000000e-06
	2.985679549523124e-01
	5.000000000000000e-01

 18	1.000006040000000e-06
	2.985679603126661e-01
	5.000000000000000e-01

 19	1.000011160000000e-06
	2.985679608368475e-01
	5.000000000000000e-01

 20	1.000021400000001e-06
	2.985679717968531e-01
	5.000000000000000e-01

 21	1.000041880000001e-06
	2.985679847816693e-01
	5.000000000000000e-01

 22	1.000082840000002e-06
	2.985680222631814e-01
	5.000000000000000e-01

 23	1.000164760000004e-06
	2.985680947089911e-01
	5.000000000000000e-01

 24	1.000328600000009e-06
	2.985682647157984e-01
	5.000000000000000e-01

 25	1.000656280000018e-06
	2.985685832330164e-01
	5.000000000000000e-01

 26	1.001311640000036e-06
	2.985687982134339e-01
	5.000000000000000e-01

 27	1.002622360000072e-06
	2.985664404763844e-01
	5.000000000000000e-01

 28	1.005243800000145e-06
	2.985541282507330e-01
	5.000000000000000e-01

 29	1.010486680000290e-06
	2.985551099144072e-01
	5.000000000000000e-01

 30	1.020972440000579e-06
	2.989346764269937e-01
	5.000000000000000e-01

 31	1.041943960001158e-06
	3.007246145799414e-01
	5.000000000000000e-01

 32	1.073019053921320e-06
	3.043700539895139e-01
	5.000000000000000e-01

 33	1.104684641684345e-06
	3.088251246151426e-01
	5.000000000000000e-01

 34	1.159252357151870e-06
	3.182124221061993e-01
	5.000000000000000e-01

 35	1.245630390290637e-06
	3.375650640543518e-01
	5.000000000000000e-01

 36	1.418386456568170e-06
	3.915483519398646e-01
	5.000000000000000e-01

 37	1.763898589123237e-06
	5.192837411181676e-01
	5.000000000000000e-01

 38	1.802060861926145e-06
	5.325222221948442e-01
	5.000000000000000e-01

 39	1.878385407531959e-06
	5.570536883974682e-01
	5.000000000000000e-01

 40	2.031034498743588e-06
	5.938017348105207e-01
	5.000000000000000e-01

 41	2.069196771546495e-06
	5.998769072549576e-01
	5.000000000000000e-01

 42	2.145521317152309e-06
	6.102561498732757e-01
	5.000000000000000e-01

 43	2.298170408363938e-06
	5.419488309918850e-01
	5.000000000000000e-01

 44	2.399588638706394e-06
	4.842478737133369e-01
	5.000000000000000e-01

 45	2.493112997314334e-06
	4.833727584068664e-01
	5.000000000000000e-01

 46	2.547539495419770e-06
	4.894932043500131e-01
	5.000000000000000e-01

 47	2.625024515979948e-06
	4.981655925191683e-01
	5.000000000000000e-01

 48	2.728689572478594e-06
	5.092038666623674e-01
	5.000000000000000e-01

 49	2.851868125010466e-06
	5.081169195327195e-01
	5.000000000000000e-01

 50	2.973499440456758e-06
	4.946028071354125e-01
	5.000000000000000e-01

 51	3.106819922039452e-06
	4.946000862404530e-01
	5.000000000000000e-01

 52	3.225787025211565e-06
	5.045576167357274e-01
	5.000000000000000e-01

 53	3.365146360994864e-06
	4.999275504459348e-01
	5.000000000000000e-01

 54	3.543741585543537e-06
	4.937821464645401e-01
	5.000000000000000e-01

 55	3.704841146663968e-06
	5.023237010676411e-01
	5.000000000000000e-01

 56	3.905755547431856e-06
	4.981786512413424e-01
	5.000000000000000e-01

 57	4.132465161657610e-06
	4.963059026497087e-01
	5.000000000000000e-01

 58	4.371307802402925e-06
	5.016119513044075e-01
	5.000000000000000e-01

 59	4.645437231574250e-06
	4.963529473179049e-01
	5.000000000000000e-01

 60	4.989773232855339e-06
	4.995412307447394e-01
	5.000000000000000e-01

 61	5.447083055508886e-06
	4.984400493071878e-01
	5.000000000000000e-01

 62	5.910031927206843e-06
	4.978556364390985e-01
	5.000000000000000e-01

 63	6.521088203213051e-06
	4.996516854732516e-01
	5.000000000000000e-01

 64	7.261979851837134e-06
	4.971931448656406e-01
	5.000000000000000e-01

 65	8.261979851837134e-06
	4.999824448877483e-01
	5.000000000000000e-01

 66	9.261979851837135e-06
	4.970555593889124e-01
	5.000000000000000e-01

 67	1.026197985183714e-05
	5.000024940595748e-01
	5.000000000000000e-01

 68	1.126197985183714e-05
	4.971413164565800e-01
	5.000000000000000e-01

 69	1.226197985183714e-05
	4.997774813897505e-01
	5.000000000000000e-01

 70	1.326197985183714e-05
	4.973974029721320e-01
	5.000000000000000e-01

 71	1.426197985183714e-05
	4.994984537368479e-01
	5.000000000000000e-01

 72	1.526197985183714e-05
	4.977709889673615e-01
	5.000000000000000e-01

 73	1.626197985183714e-05
	4.990945972107651e-01
	5.000000000000000e-01

 74	1.726197985183714e-05
	4.981831424816845e-01
	5.000000000000000e-01

 75	1.826197985183714e-05
	4.986860084762171e-01
	5.000000000000000e-01

 76	1.926197985183714e-05
	4.985729152700478e-01
	5.000000000000000e-01

 77	2.026197985183714e-05
	4.983215460285639e-01
	5.000000000000000e-01

 78	2.126197985183714e-05
	4.988996120188313e-01
	5.000000000000000e-01

 79	2.226197985183714e-05
	4.980453783045976e-01
	5.000000000000000e-01

 80	2.326197985183714e-05
	4.991200904272590e-01
	5.000000000000000e-01

 81	2.426197985183714e-05
	4.978798811541454e-01
	5.000000000000000e-01

 82	2.526197985183714e-05
	4.992311834944676e-01
	5.000000000000000e-01

 83	2.626197985183714e-05
	4.978231956443251e-01
	5.000000000000000e-01

 84	2.726197985183715e-05
	4.992335335805294e-01
	5.000000000000000e-01

 85	2.826197985183715e-05
	4.978706943245109e-01
	5.000000000000000e-01

 86	2.926197985183715e-05
	4.991497712300019e-01
	5.000000000000000e-01

 87	3.026197985183715e-05
	4.979980267742063e-01
	5.000000000000000e-01

 88	3.126197985183714e-05
	4.989946735187523e-01
	5.000000000000000e-01

 89	3.226197985183714e-05
	4.981730632591647e-01
	5.000000000000000e-01

 90	3.326197985183714e-05
	4.988016018072230e-01
	5.000000000000000e-01

 91	3.426197985183714e-05
	4.983636962928888e-01
	5.000000000000000e-01

 92	3.526197985183713e-05
	4.986123612592413e-01
	5.000000000000000e-01

 93	3.626197985183713e-05
	4.985447842753566e-01
	5.000000000000000e-01

 94	3.726197985183713e-05
	4.984455814730632e-01
	5.000000000000000e-01

 95	3.826197985183712e-05
	4.986931157190959e-01
	5.000000000000000e-01

 96	3.926197985183712e-05
	4.983198286624437e-01
	5.000000000000000e-01

 97	4.026197985183712e-05
	4.987943406454712e-01
	5.000000000000000e-01

 98	4.126197985183712e-05
	4.982449815655446e-01
	5.000000000000000e-01

 99	4.226197985183711e-05
	4.988425061541740e-01
	5.000000000000000e-01

 100	4.326197985183711e-05
	4.982135472275078e-01
	5.000000000000000e-01

 101	4.426197985183711e-05
	4.988380608025472e-01
	5.000000000000000e-01

 102	4.526197985183711e-05
	4.982388320605585e-01
	5.000000000000000e-01

 103	4.626197985183710e-05
	4.987945264490172e-01
	5.000000000000000e-01

 104	4.726197985183710e-05
	4.982997030882486e-01
	5.000000000000000e-01

 105	4.826197985183710e-05
	4.987231161201368e-01
	5.000000000000000e-01

 106	4.926197985183709e-05
	4.983825002402975e-01
	5.000000000000000e-01

 107	5.026197985183709e-05
	4.986368082775715e-01
	5.000000000000000e-01

 108	5.126197985183709e-05
	4.984767320514963e-01
	5.000000000000000e-01

 109	5.226197985183709e-05
	4.985504765311243e-01
	5.000000000000000e-01

 110	5.326197985183708e-05
	4.985587041434328e-01
	5.000000000000000e-01

 111	5.426197985183708e-05
	4.984752259165263e-01
	5.000000000000000e-01

 112	5.526197985183708e-05
	4.986248688271345e-01
	5.000000000000000e-01

 113	5.626197985183707e-05
	4.984195681173340e-01
	5.000000000000000e-01

 114	5.726197985183707e-05
	4.986688107371321e-01
	5.000000000000000e-01

 115	5.826197985183707e-05
	4.983916826649738e-01
	5.000000000000000e-01

 116	5.926197985183707e-05
	4.986875869067977e-01
	5.000000000000000e-01

 117	6.026197985183706e-05
	4.983836851880664e-01
	5.000000000000000e-01

 118	6.126197985183706e-05
	4.986845390301624e-01
	5.000000000000000e-01

 119	6.226197985183706e-05
	4.983965732438592e-01
	5.000000000000000e-01

 120	6.326197985183705e-05
	4.986627957314158e-01
	5.000000000000000e-01

 121	6.426197985183705e-05
	4.984251422636444e-01
	5.000000000000000e-01

 122	6.526197985183705e-05
	4.986283617367878e-01
	5.000000000000000e-01

 123	6.626197985183705e-05
	4.984628244772060e-01
	5.000000000000000e-01

 124	6.726197985183704e-05
	4.985879741665017e-01
	5.000000000000000e-01

 125	6.826197985183704e-05
	4.985030305071134e-01
	5.000000000000000e-01

 126	6.926197985183704e-05
	4.985479692447400e-01
	5.000000000000000e-01

 127	7.026197985183704e-05
	4.985400105502500e-01
	5.000000000000000e-01

 128	7.126197985183703e-05
	4.985135418552233e-01
	5.000000000000000e-01

 129	7.226197985183703e-05
	4.985694495743060e-01
	5.000000000000000e-01

 130	7.326197985183703e-05
	4.984882757129682e-01
	5.000000000000000e-01

 131	7.426197985183702e-05
	4.985887710589919e-01
	5.000000000000000e-01

 132	7.526197985183702e-05
	4.984739492125743e-01
	5.000000000000000e-01

 133	7.626197985183702e-05
	4.985971682563039e-01
	5.000000000000000e-01

 134	7.726197985183702e-05
	4.984705984675373e-01
	5.000000000000000e-01

 135	7.826197985183701e-05
	4.985954071419219e-01
	5.000000000000000e-01

 136	7.926197985183701e-05
	4.984767960857501e-01
	5.000000000000000e-01

 137	8.026197985183701e-05
	4.985854613716242e-01
	5.000000000000000e-01

 138	8.126197985183700e-05
	4.984900823230020e-01
	5.000000000000000e-01

 139	8.226197985183700e-05
	4.985700506746268e-01
	5.000000000000000e-01

 140	8.326197985183700e-05
	4.985074679604556e-01
	5.000000000000000e-01

 141	8.426197985183700e-05
	4.985521576749669e-01
	5.000000000000000e-01

 142	8.526197985183699e-05
	4.985259257596322e-01
	5.000000000000000e-01

 143	8.626197985183699e-05
	4.985345906986952e-01
	5.000000000000000e-01

 144	8.726197985183699e-05
	4.985428021295752e-01
	5.000000000000000e-01

 145	8.826197985183698e-05
	4.985196429401370e-01
	5.000000000000000e-01

 146	8.926197985183698e-05
	4.985561061039986e-01
	5.000000000000000e-01

 147	9.026197985183698e-05
	4.985088761865764e-01
	5.000000000000000e-01

 148	9.126197985183698e-05
	4.985646594579585e-01
	5.000000000000000e-01

 149	9.226197985183697e-05
	4.985030360864037e-01
	5.000000000000000e-01

 150	9.326197985183697e-05
	4.985681136522510e-01
	5.000000000000000e-01

 151	9.426197985183697e-05
	4.985020886840405e-01
	5.000000000000000e-01

 152	9.526197985183697e-05
	4.985668550252724e-01
	5.000000000000000e-01

 153	9.626197985183696e-05
	4.985053542522391e-01
	5.000000000000000e-01

 154	9.726197985183696e-05
	4.985618296230913e-01
	5.000000000000000e-01

 155	9.826197985183696e-05
	4.985117055194137e-01
	5.000000000000000e-01

 156	9.926197985183695e-05
	4.985543239123661e-01
	5.000000000000000e-01

 157	1.002619798518370e-04
	4.985197931473463e-01
	5.000000000000000e-01

 158	1.012619798518369e-04
	4.985457374104129e-01
	5.000000000000000e-01

 159	1.022619798518369e-04
	4.985282632961956e-01
	5.000000000000000e-01

 160	1.032619798518369e-04
	4.985373784429011e-01
	5.000000000000000e-01

 161	1.042619798518369e-04
	4.985359389416847e-01
	5.000000000000000e-01

 162	1.052619798518369e-04
	4.985303061011032e-01
	5.000000000000000e-01

 163	1.062619798518369e-04
	4.985419466109198e-01
	5.000000000000000e-01

 164	1.072619798518369e-04
	4.985252315273853e-01
	5.000000000000000e-01

 165	1.082619798518369e-04
	4.985457810866600e-01
	5.000000000000000e-01

 166	1.092619798518369e-04
	4.985224817634100e-01
	5.000000000000000e-01

 167	1.102619798518369e-04
	4.985473101305183e-01
	5.000000000000000e-01

 168	1.112619798518369e-04
	4.985220205812019e-01
	5.000000000000000e-01

 169	1.122619798518369e-04
	4.985467290678592e-01
	5.000000000000000e-01

 170	1.132619798518369e-04
	4.985235141640694e-01
	5.000000000000000e-01

 171	1.142619798518369e-04
	4.985444796870961e-01
	5.000000000000000e-01

 172	1.152619798518369e-04
	4.985264255103372e-01
	5.000000000000000e-01

 173	1.162619798518369e-04
	4.985411502267071e-01
	5.000000000000000e-01

 174	1.172619798518369e-04
	4.985301200917025e-01
	5.000000000000000e-01

 175	1.182619798518369e-04
	4.985373728247562e-01
	5.000000000000000e-01

 176	1.192619798518369e-04
	4.985339667188058e-01
	5.000000000000000e-01

 177	1.202619798518369e-04
	4.985337323868901e-01
	5.000000000000000e-01

 178	1.212619798518369e-04
	4.985374209102975e-01
	5.000000000000000e-01

 179	1.222619798518369e-04
	4.985306969681713e-01
	5.000000000000000e-01

 180	1.232619798518369e-04
	4.985400825678692e-01
	5.000000000000000e-01

 181	1.242619798518369e-04
	4.985285753238360e-01
	5.000000000000000e-01

 182	1.252619798518369e-04
	4.985417247072145e-01
	5.000000000000000e-01

 183	1.262619798518369e-04
	4.985275026365787e-01
	5.000000000000000e-01

 184	1.272619798518369e-04
	4.985422943358557e-01
	5.000000000000000e-01

 185	1.282619798518369e-04
	4.985274517064991e-01
	5.000000000000000e-01

 186	1.292619798518369e-04
	4.985418900896161e-01
	5.000000000000000e-01

 187	1.302619798518369e-04
	4.985282638533725e-01
	5.000000000000000e-01

 188	1.312619798518369e-04
	4.985407235694513e-01
	5.000000000000000e-01

 189	1.322619798518369e-04
	4.985296920761857e-01
	5.000000000000000e-01

 190	1.332619798518369e-04
	4.985390722372763e-01
	5.000000000000000e-01

 191	1.342619798518369e-04
	4.985314487811495e-01
	5.000000000000000e-01

 192	1.352619798518369e-04
	4.985372314765926e-01
	5.000000000000000e-01

 193	1.362619798518369e-04
	4.985332508350962e-01
	5.000000000000000e-01

 194	1.372619798518369e-04
	4.985354723916312e-01
	5.000000000000000e-01

 195	1.382619798518369e-04
	4.985348564568794e-01
	5.000000000000000e-01

 196	1.392619798518369e-04
	4.985340098836930e-01
	5.000000000000000e-01

 197	1.402619798518369e-04
	4.985360903767340e-01
	5.000000000000000e-01

 198	1.412619798518369e-04
	4.985329835694651e-01
	5.000000000000000e-01

 199	1.422619798518368e-04
	4.985368559367899e-01
	5.000000000000000e-01

 200	1.432619798518368e-04
	4.985324518783007e-01
	5.000000000000000e-01

 201	1.442619798518368e-04
	4.985371346872676e-01
	5.000000000000000e-01

 202	1.452619798518368e-04
	4.985323979396924e-01
	5.000000000000000e-01

 203	1.462619798518368e-04
	4.985369756892471e-01
	5.000000000000000e-01

 204	1.472619798518368e-04
	4.985327444940734e-01
	5.000000000000000e-01

 205	1.482619798518368e-04
	4.985364776389976e-01
	5.000000000000000e-01

 206	1.492619798518368e-04
	4.985333742948554e-01
	5.000000000000000e-01

 207	1.502619798518368e-04
	4.985357674451744e-01
	5.000000000000000e-01

 208	1.512619798518368e-04
	4.985341524186219e-01
	5.000000000000000e-01

 209	1.522619798518368e-04
	4.985349786353399e-01
	5.000000000000000e-01

 210	1.532619798518368e-04
	4.985349471622283e-01
	5.000000000000000e-01

 211	1.542619798518368e-04
	4.985342325422590e-01
	5.000000000000000e-01

 212	1.552619798518368e-04
	4.985356469662001e-01
	5.000000000000000e-01

 213	1.562619798518368e-04
	4.985336242499531e-01
	5.000000000000000e-01

 214	1.572619798518368e-04
	4.985361718475918e-01
	5.000000000000000e-01

 215	1.582619798518368e-04
	4.985332143971239e-01
	5.000000000000000e-01

 216	1.592619798518368e-04
	4.985364786814978e-01
	5.000000000000000e-01

 217	1.602619798518368e-04
	4.985330269238079e-01
	5.000000000000000e-01

 218	1.612619798518368e-04
	4.985365607069369e-01
	5.000000000000000e-01

 219	1.622619798518368e-04
	4.985330520584434e-01
	5.000000000000000e-01

 220	1.632619798518368e-04
	4.985364423047492e-01
	5.000000000000000e-01

 221	1.642619798518368e-04
	4.985332533074389e-01
	5.000000000000000e-01

 222	1.652619798518368e-04
	4.985361704863210e-01
	5.000000000000000e-01

 223	1.662619798518368e-04
	4.985335767924877e-01
	5.000000000000000e-01

 224	1.672619798518368e-04
	4.985358048563767e-01
	5.000000000000000e-01

 225	1.682619798518368e-04
	4.985339613406870e-01
	5.000000000000000e-01

 226	1.692619798518368e-04
	4.985354075538096e-01
	5.000000000000000e-01

 227	1.702619798518368e-04
	4.985343478421206e-01
	5.000000000000000e-01

 228	1.712619798518368e-04
	4.985350345747566e-01
	5.000000000000000e-01

 229	1.722619798518368e-04
	4.985346867569687e-01
	5.000000000000000e-01

 230	1.732619798518368e-04
	4.985347293773215e-01
	5.000000000000000e-01

 231	1.742619798518368e-04
	4.985349430916687e-01
	5.000000000000000e-01

 232	1.752619798518368e-04
	4.985345191866989e-01
	5.000000000000000e-01

 233	1.762619798518368e-04
	4.985350986049973e-01
	5.000000000000000e-01

 234	1.772619798518367e-04
	4.985344141520641e-01
	5.000000000000000e-01

 235	1.782619798518367e-04
	4.985351514024919e-01
	5.000000000000000e-01

 236	1.792619798518367e-04
	4.985344088194529e-01
	5.000000000000000e-01

 237	1.802619798518367e-04
	4.985351134714291e-01
	5.000000000000000e-01

 238	1.812619798518367e-04
	4.985344855092986e-01
	5.000000000000000e-01

 239	1.822619798518367e-04
	4.985350067322731e-01
	5.000000000000000e-01

 240	1.832619798518367e-04
	4.985346187164907e-01
	5.000000000000000e-01

 241	1.842619798518367e-04
	4.985348584640737e-01
	5.000000000000000e-01

 242	1.852619798518367e-04
	4.985347797972691e-01
	5.000000000000000e-01

 243	1.862619798518367e-04
	4.985346968051930e-01
	5.000000000000000e-01

 244	1.872619798518367e-04
	4.985349413097508e-01
	5.000000000000000e-01

 245	1.882619798518367e-04
	4.985345468542247e-01
	5.000000000000000e-01

 246	1.892619798518367e-04
	4.985350804468165e-01
	5.000000000000000e-01

 247	1.902619798518367e-04
	4.985344278664805e-01
	5.000000000000000e-01

 248	1.912619798518367e-04
	4.985351812818120e-01
	5.000000000000000e-01

 249	1.922619798518367e-04
	4.985343516815904e-01
	5.000000000000000e-01

 250	1.932619798518367e-04
	4.985352357181404e-01
	5.000000000000000e-01

 251	1.942619798518367e-04
	4.985343223960290e-01
	5.000000000000000e-01

 252	1.952619798518367e-04
	4.985352432468730e-01
	5.000000000000000e-01

 253	1.962619798518367e-04
	4.985343371315991e-01
	5.000000000000000e-01

 254	1.972619798518367e-04
	4.985352097282529e-01
	5.000000000000000e-01

 255	1.982619798518367e-04
	4.985343875998002e-01
	5.000000000000000e-01

 256	1.992619798518367e-04
	4.985351455423943e-01
	5.000000000000000e-01

 257	2.002619798518367e-04
	4.985344620914993e-01
	5.000000000000000e-01

 258	2.010000010000000e-04
	4.985350487153279e-01
	5.000000000000000e-01

 259	2.010000011000000e-04
	4.985343295814410e-01
	4.799999989957139e-01

 260	2.010000013000000e-04
	4.985328906232654e-01
	4.399999969871417e-01

 261	2.010000017000000e-04
	4.985300079643623e-01
	3.599999983910080e-01

 262	2.010000020000000e-04
	4.985278765689629e-01
	3.000000000000000e-01

 263	2.010000020800000e-04
	4.985278792375122e-01
	3.000000000000000e-01

 264	2.010000022400000e-04
	4.985278706682211e-01
	3.000000000000000e-01

 265	2.010000025600000e-04
	4.985278633566542e-01
	3.000000000000000e-01

 266	2.010000032000000e-04
	4.985278498553176e-01
	3.000000000000000e-01

 267	2.010000044800000e-04
	4.985278202423444e-01
	3.000000000000000e-01

 268	2.010000070399999e-04
	4.985277644764390e-01
	3.000000000000000e-01

 269	2.010000121599999e-04
	4.985276504890686e-01
	3.000000000000000e-01

 270	2.010000223999999e-04
	4.985274294941511e-01
	3.000000000000000e-01

 271	2.010000428799998e-04
	4.985269978543259e-01
	3.000000000000000e-01

 272	2.010000838399996e-04
	4.985261898642491e-01
	3.000000000000000e-01

 273	2.010001657599993e-04
	4.985247569808984e-01
	3.000000000000000e-01

 274	2.010003295999986e-04
	4.985225028091465e-01
	3.000000000000000e-01

 275	2.010006572799973e-04
	4.985197084009685e-01
	3.000000000000000e-01

 276	2.010013126399947e-04
	4.985179839033121e-01
	3.000000000000000e-01

 277	2.010026233599895e-04
	4.985211459062848e-01
	3.000000000000000e-01

 278	2.010052447999790e-04
	4.985337330711570e-01
	3.000000000000000e-01

 279	2.010104876799581e-04
	4.985081936163249e-01
	3.000000000000000e-01

 280	2.010209734399162e-04
	4.975746398377240e-01
	3.000000000000000e-01

 281	2.010419449598324e-04
	4.877485592140302e-01
	3.000000000000000e-01

 282	2.010742824147155e-04
	4.535312349250070e-01
	3.000000000000000e-01

 283	2.011097320743271e-04
	4.075767476186115e-01
	3.000000000000000e-01

 284	2.011806313935505e-04
	3.405684384592210e-01
	3.000000000000000e-01

 285	2.012503457560160e-04
	3.122865134830358e-01
	3.000000000000000e-01

 286	2.013636006393942e-04
	3.021362034646435e-01
	3.000000000000000e-01

 287	2.015305801674823e-04
	2.982323097891048e-01
	3.000000000000000e-01

 288	2.017194543185237e-04
	2.966224722099837e-01
	3.000000000000000e-01

 289	2.020972026206064e-04
	3.003470380588293e-01
	3.000000000000000e-01

 290	2.028526992247717e-04
	2.970535238148917e-01
	3.000000000000000e-01

 291	2.038433202690707e-04
	2.998140381789060e-01
	3.000000000000000e-01

 292	2.048433202690707e-04
	2.975825884074013e-01
	3.000000000000000e-01

 293	2.058433202690707e-04
	2.992571700015851e-01
	3.000000000000000e-01

 294	2.068433202690707e-04
	2.981418063765708e-01
	3.000000000000000e-01

 295	2.078433202690707e-04
	2.987151170288195e-01
	3.000000000000000e-01

 296	2.088433202690707e-04
	2.986492564173095e-01
	3.000000000000000e-01

 297	2.098433202690707e-04
	2.982564040298386e-01
	3.000000000000000e-01

 298	2.108433202690707e-04
	2.990488635128370e-01
	3.000000000000000e-01

 299	2.118433202690706e-04
	2.979246679878811e-01
	3.000000000000000e-01

 300	2.128433202690706e-04
	2.993092496244558e-01
	3.000000000000000e-01

 301	2.138433202690706e-04
	2.977392645286750e-01
	3.000000000000000e-01

 302	2.148433202690706e-04
	2.994224747196038e-01
	3.000000000000000e-01

 303	2.158433202690706e-04
	2.976967843192436e-01
	3.000000000000000e-01

 304	2.168433202690706e-04
	2.993981502167468e-01
	3.000000000000000e-01

 305	2.178433202690706e-04
	2.977686621744052e-01
	3.000000000000000e-01

 306	2.188433202690706e-04
	2.992448788562387e-01
	3.000000000000000e-01

 307	2.198433202690706e-04
	2.979477891825010e-01
	3.000000000000000e-01

 308	2.208433202690706e-04
	2.990468005408496e-01
	3.000000000000000e-01

 309	2.218433202690706e-04
	2.981932477489599e-01
	3.000000000000000e-01

 310	2.228433202690706e-04
	2.988068245021158e-01
	3.000000000000000e-01

 311	2.238433202690706e-04
	2.984350943807292e-01
	3.000000000000000e-01

 312	2.248433202690706e-04
	2.985712972158439e-01
	3.000000000000000e-01

 313	2.258433202690706e-04
	2.986554518755025e-01
	3.000000000000000e-01

 314	2.268433202690706e-04
	2.983722181806425e-01
	3.000000000000000e-01

 315	2.278433202690706e-04
	2.988272869444767e-01
	3.000000000000000e-01

 316	2.288433202690706e-04
	2.982312137426397e-01
	3.000000000000000e-01

 317	2.298433202690706e-04
	2.989349203984540e-01
	3.000000000000000e-01

 318	2.308433202690706e-04
	2.981579665614738e-01
	3.000000000000000e-01

 319	2.318433202690706e-04
	2.989743172383604e-01
	3.000000000000000e-01

 320	2.328433202690706e-04
	2.981510564059776e-01
	3.000000000000000e-01

 321	2.338433202690706e-04
	2.989548724121430e-01
	3.000000000000000e-01

 322	2.348433202690706e-04
	2.982006371810069e-01
	3.000000000000000e-01

 323	2.358433202690706e-04
	2.988822280153830e-01
	3.000000000000000e-01

 324	2.368433202690706e-04
	2.982908048228362e-01
	3.000000000000000e-01

 325	2.378433202690706e-04
	2.987789453125862e-01
	3.000000000000000e-01

 326	2.388433202690706e-04
	2.984023229243192e-01
	3.000000000000000e-01

 327	2.398433202690706e-04
	2.986596740261976e-01
	3.000000000000000e-01

 328	2.408433202690706e-04
	2.985177065313304e-01
	3.000000000000000e-01

 329	2.418433202690706e-04
	2.985503926308867e-01
	3.000000000000000e-01

 330	2.428433202690706e-04
	2.986190475911671e-01
	3.000000000000000e-01

 331	2.438433202690706e-04
	2.984602045728678e-01
	3.000000000000000e-01

 332	2.448433202690706e-04
	2.986959310665967e-01
	3.000000000000000e-01

 333	2.458433202690706e-04
	2.984008968664040e-01
	3.000000000000000e-01

 334	2.468433202690706e-04
	2.987379381026274e-01
	3.000000000000000e-01

 335	2.478433202690706e-04
	2.983699880418278e-01
	3.000000000000000e-01

 336	2.488433202690707e-04
	2.987518727078961e-01
	3.000000000000000e-01

 337	2.498433202690707e-04
	2.983704669327382e-01
	3.000000000000000e-01

 338	2.508433202690707e-04
	2.987374089050589e-01
	3.000000000000000e-01

 339	2.518433202690707e-04
	2.983971457844931e-01
	3.000000000000000e-01

 340	2.528433202690707e-04
	2.987012063136578e-01
	3.000000000000000e-01

 341	2.538433202690708e-04
	2.984419066701700e-01
	3.000000000000000e-01

 342	2.548433202690708e-04
	2.986518043372018e-01
	3.000000000000000e-01

 343	2.558433202690708e-04
	2.984955875894021e-01
	3.000000000000000e-01

 344	2.568433202690708e-04
	2.985980440101963e-01
	3.000000000000000e-01

 345	2.578433202690709e-04
	2.985494040252363e-01
	3.000000000000000e-01

 346	2.588433202690709e-04
	2.985478698244055e-01
	3.000000000000000e-01

 347	2.598433202690709e-04
	2.985960594721471e-01
	3.000000000000000e-01

 348	2.608433202690709e-04
	2.985074474500765e-01
	3.000000000000000e-01

 349	2.618433202690710e-04
	2.986304534527449e-01
	3.000000000000000e-01

 350	2.628433202690710e-04
	2.984806463360014e-01
	3.000000000000000e-01

 351	2.638433202690710e-04
	2.986499791297095e-01
	3.000000000000000e-01

 352	2.648433202690710e-04
	2.984688889396594e-01
	3.000000000000000e-01

 353	2.658433202690711e-04
	2.986544499995658e-01
	3.000000000000000e-01

 354	2.668433202690711e-04
	2.984713378533746e-01
	3.000000000000000e-01

 355	2.678433202690711e-04
	2.986457261893578e-01
	3.000000000000000e-01

 356	2.688433202690711e-04
	2.984853603446919e-01
	3.000000000000000e-01

 357	2.698433202690712e-04
	2.986271333883377e-01
	3.000000000000000e-01

 358	2.708433202690712e-04
	2.985071740600728e-01
	3.000000000000000e-01

 359	2.718433202690712e-04
	2.986027804264559e-01
	3.000000000000000e-01

 360	2.728433202690712e-04
	2.985325543101406e-01
	3.000000000000000e-01

 361	2.738433202690713e-04
	2.985768816067732e-01
	3.000000000000000e-01

 362	2.748433202690713e-04
	2.985574870711765e-01
	3.000000000000000e-01

 363	2.758433202690713e-04
	2.985531746055733e-01
	3.000000000000000e-01

 364	2.768433202690713e-04
	2.985786811893221e-01
	3.000000000000000e-01

 365	2.778433202690714e-04
	2.985344962983614e-01
	3.000000000000000e-01

 366	2.788433202690714e-04
	2.985938934089006e-01
	3.000000000000000e-01

 367	2.798433202690714e-04
	2.985225465273086e-01
	3.000000000000000e-01

 368	2.808433202690714e-04
	2.986020563562739e-01
	3.000000000000000e-01

 369	2.818433202690715e-04
	2.985178411314795e-01
	3.000000000000000e-01

 370	2.828433202690715e-04
	2.986032274911239e-01
	3.000000000000000e-01

 371	2.838433202690715e-04
	2.985198317295413e-01
	3.000000000000000e-01

 372	2.848433202690715e-04
	2.985983963787509e-01
	3.000000000000000e-01

 373	2.858433202690716e-04
	2.985271514642353e-01
	3.000000000000000e-01

 374	2.868433202690716e-04
	2.985891991567261e-01
	3.000000000000000e-01

 375	2.878433202690716e-04
	2.985379337646968e-01
	3.000000000000000e-01

 376	2.888433202690716e-04
	2.985775931742043e-01
	3.000000000000000e-01

 377	2.898433202690716e-04
	2.985501481709386e-01
	3.000000000000000e-01

 378	2.908433202690717e-04
	2.985655415578759e-01
	3.000000000000000e-01

 379	2.918433202690717e-04
	2.985619033599038e-01
	3.000000000000000e-01

 380	2.928433202690717e-04
	2.985547481644065e-01
	3.000000000000000e-01

 381	2.938433202690717e-04
	2.985716807763331e-01
	3.000000000000000e-01

 382	2.948433202690718e-04
	2.985464701417915e-01
	3.000000000000000e-01

 383	2.958433202690718e-04
	2.985784786087706e-01
	3.000000000000000e-01

 384	2.968433202690718e-04
	2.985414206110794e-01
	3.000000000000000e-01

 385	2.978433202690718e-04
	2.985818619265141e-01
	3.000000000000000e-01

 386	2.988433202690719e-04
	2.985397602602910e-01
	3.000000000000000e-01

 387	2.998433202690719e-04
	2.985819281308494e-01
	3.000000000000000e-01

 388	3.008433202690719e-04
	2.985411649605302e-01
	3.000000000000000e-01

 389	3.018433202690719e-04
	2.985792064961486e-01
	3.000000000000000e-01

 390	3.028433202690720e-04
	2.985449483209460e-01
	3.000000000000000e-01

 391	3.038433202690720e-04
	2.985745161732826e-01
	3.000000000000000e-01

 392	3.048433202690720e-04
	2.985502136954931e-01
	3.000000000000000e-01

 393	3.058433202690720e-04
	2.985688084645974e-01
	3.000000000000000e-01

 394	3.068433202690721e-04
	2.985560100656580e-01
	3.000000000000000e-01

 395	3.078433202690721e-04
	2.985630170251322e-01
	3.000000000000000e-01

 396	3.088433202690721e-04
	2.985614698112664e-01
	3.000000000000000e-01

 397	3.098433202690721e-04
	2.985579348190696e-01
	3.000000000000000e-01

 398	3.108433202690722e-04
	2.985659124949055e-01
	3.000000000000000e-01

 399	3.118433202690722e-04
	2.985541299700807e-01
	3.000000000000000e-01

 400	3.128433202690722e-04
	2.985689062201116e-01
	3.000000000000000e-01

 401	3.138433202690722e-04
	2.985519055810557e-01
	3.000000000000000e-01

 402	3.148433202690723e-04
	2.985702852825734e-01
	3.000000000000000e-01

 403	3.158433202690723e-04
	2.985513018432386e-01
	3.000000000000000e-01

 404	3.168433202690723e-04
	2.985701289745850e-01
	3.000000000000000e-01

 405	3.178433202690723e-04
	2.985521333830515e-01
	3.000000000000000e-01

 406	3.188433202690724e-04
	2.985687108476422e-01
	3.000000000000000e-01

 407	3.198433202690724e-04
	2.985540510819923e-01
	3.000000000000000e-01

 408	3.208433202690724e-04
	2.985664300830420e-01
	3.000000000000000e-01

 409	3.218433202690724e-04
	2.985566160398198e-01
	3.000000000000000e-01

 410	3.228433202690725e-04
	2.985637371424663e-01
	3.000000000000000e-01

 411	3.238433202690725e-04
	2.985593736360312e-01
	3.000000000000000e-01

 412	3.248433202690725e-04
	2.985610646287805e-01
	3.000000000000000e-01

 413	3.258433202690725e-04
	2.985619175956311e-01
	3.000000000000000e-01

 414	3.268433202690725e-04
	2.985587717913919e-01
	3.000000000000000e-01

 415	3.278433202690726e-04
	2.985639370262834e-01
	3.000000000000000e-01

 416	3.288433202690726e-04
	2.985571079706276e-01
	3.000000000000000e-01

 417	3.298433202690726e-04
	2.985652428167179e-01
	3.000000000000000e-01

 418	3.308433202690726e-04
	2.985561967949896e-01
	3.000000000000000e-01

 419	3.318433202690727e-04
	2.985657732858932e-01
	3.000000000000000e-01

 420	3.328433202690727e-04
	2.985560399394469e-01
	3.000000000000000e-01

 421	3.338433202690727e-04
	2.985655816566412e-01
	3.000000000000000e-01

 422	3.348433202690727e-04
	2.985565367683606e-01
	3.000000000000000e-01

 423	3.358433202690728e-04
	2.985648100920781e-01
	3.000000000000000e-01

 424	3.368433202690728e-04
	2.985575146180111e-01
	3.000000000000000e-01

 425	3.378433202690728e-04
	2.985636559627747e-01
	3.000000000000000e-01

 426	3.388433202690728e-04
	2.985587638996602e-01
	3.000000000000000e-01

 427	3.398433202690729e-04
	2.985623361688479e-01
	3.000000000000000e-01

 428	3.408433202690729e-04
	2.985600724578665e-01
	3.000000000000000e-01

 429	3.418433202690729e-04
	2.985610546725020e-01
	3.000000000000000e-01

 430	3.428433202690729e-04
	2.985612546801579e-01
	3.000000000000000e-01

 431	3.438433202690730e-04
	2.985599770413539e-01
	3.000000000000000e-01

 432	3.448433202690730e-04
	2.985621722580513e-01
	3.000000000000000e-01

 433	3.458433202690730e-04
	2.985592143349082e-01
	3.000000000000000e-01

 434	3.468433202690730e-04
	2.985627451588989e-01
	3.000000000000000e-01

 435	3.478433202690731e-04
	2.985588169983551e-01
	3.000000000000000e-01

 436	3.488433202690731e-04
	2.985629529269477e-01
	3.000000000000000e-01

 437	3.498433202690731e-04
	2.985587779083028e-01
	3.000000000000000e-01

 438	3.508433202690731e-04
	2.985628277266840e-01
	3.000000000000000e-01

 439	3.518433202690732e-04
	2.985590427479627e-01
	3.000000000000000e-01

 440	3.528433202690732e-04
	2.985624414115507e-01
	3.000000000000000e-01

 441	3.538433202690732e-04
	2.985595250303436e-01
	3.000000000000000e-01

 442	3.548433202690732e-04
	2.985618893462382e-01
	3.000000000000000e-01

 443	3.558433202690733e-04
	2.985601230467501e-01
	3.000000000000000e-01

 444	3.568433202690733e-04
	2.985612736977447e-01
	3.000000000000000e-01

 445	3.578433202690733e-04
	2.985607360966646e-01
	3.000000000000000e-01

 446	3.588433202690733e-04
	2.985606885171408e-01
	3.000000000000000e-01

 447	3.598433202690734e-04
	2.985612779352235e-01
	3.000000000000000e-01

 448	3.608433202690734e-04
	2.985602083653958e-01
	3.000000000000000e-01

 449	3.618433202690734e-04
	2.985616860627264e-01
	3.000000000000000e-01

 450	3.628433202690734e-04
	2.985598814187793e-01
	3.000000000000000e-01

 451	3.638433202690734e-04
	2.985619262903159e-01
	3.000000000000000e-01

 452	3.648433202690735e-04
	2.985597272587536e-01
	3.000000000000000e-01

 453	3.658433202690735e-04
	2.985619927405448e-01
	3.000000000000000e-01

 454	3.668433202690735e-04
	2.985597388918094e-01
	3.000000000000000e-01

 455	3.678433202690735e-04
	2.985619040090257e-01
	3.000000000000000e-01

 456	3.688433202690736e-04
	2.985598880318974e-01
	3.000000000000000e-01

 457	3.698433202690736e-04
	2.985616966554159e-01
	3.000000000000000e-01

 458	3.708433202690736e-04
	2.985601323941909e-01
	3.000000000000000e-01

 459	3.718433202690736e-04
	2.985614173369567e-01
	3.000000000000000e-01

 460	3.728433202690737e-04
	2.985604236955142e-01
	3.000000000000000e-01

 461	3.738433202690737e-04
	2.985611148415043e-01
	3.000000000000000e-01

 462	3.748433202690737e-04
	2.985607151639152e-01
	3.000000000000000e-01

 463	3.758433202690737e-04
	2.985608331541519e-01
	3.000000000000000e-01

 464	3.768433202690738e-04
	2.985609676091651e-01
	3.000000000000000e-01

 465	3.778433202690738e-04
	2.985606062953542e-01
	3.000000000000000e-01

 466	3.788433202690738e-04
	2.985611534809202e-01
	3.000000000000000e-01

 467	3.798433202690738e-04
	2.985604553490744e-01
	3.000000000000000e-01

 468	3.808433202690739e-04
	2.985612587045705e-01
	3.000000000000000e-01

 469	3.818433202690739e-04
	2.985603877193956e-01
	3.000000000000000e-01

 470	3.828433202690739e-04
	2.985612823713200e-01
	3.000000000000000e-01

 471	3.838433202690739e-04
	2.985603983708364e-01
	3.000000000000000e-01

 472	3.848433202690740e-04
	2.985612347254219e-01
	3.000000000000000e-01

 473	3.858433202690740e-04
	2.985604725265147e-01
	3.000000000000000e-01

 474	3.868433202690740e-04
	2.985611339569232e-01
	3.000000000000000e-01

 475	3.878433202690740e-04
	2.985605892627957e-01
	3.000000000000000e-01

 476	3.888433202690741e-04
	2.985610024523681e-01
	3.000000000000000e-01

 477	3.898433202690741e-04
	2.985607253282705e-01
	3.000000000000000e-01

 478	3.908433202690741e-04
	2.985608630816637e-01
	3.000000000000000e-01

 479	3.918433202690741e-04
	2.985608586880156e-01
	3.000000000000000e-01

 480	3.928433202690742e-04
	2.985607360293178e-01
	3.000000000000000e-01

 481	3.938433202690742e-04
	2.985609712714795e-01
	3.000000000000000e-01

 482	3.948433202690742e-04
	2.985606365210650e-01
	3.000000000000000e-01

 483	3.958433202690742e-04
	2.985610507880631e-01
	3.000000000000000e-01

 484	3.968433202690742e-04
	2.985605735482662e-01
	3.000000000000000e-01

 485	3.978433202690743e-04
	2.985610914415391e-01
	3.000000000000000e-01

 486	3.988433202690743e-04
	2.985605496943140e-01
	3.000000000000000e-01

 487	3.998433202690743e-04
	2.985610936451151e-01
	3.000000000000000e-01

 488	4.008433202690743e-04
	2.985605618232546e-01
	3.000000000000000e-01

 489	4.010000000000000e-04
	2.985608763536962e-01
	3.000000000000000e-01

