 0.00000000e+00  2.26630436e-01  0.00000000e+00  8.49617672e-01 
 1.00000000e-08  2.26630436e-01  1.00000000e-08  8.49617672e-01 
 2.00000000e-08  2.26630436e-01  2.00000000e-08  8.49617672e-01 
 4.00000000e-08  2.26630436e-01  4.00000000e-08  8.49617672e-01 
 8.00000000e-08  2.26630436e-01  8.00000000e-08  8.49617672e-01 
 1.60000000e-07  2.26630436e-01  1.60000000e-07  8.49617672e-01 
 3.20000000e-07  2.26630436e-01  3.20000000e-07  8.49617672e-01 
 6.40000000e-07  2.26630436e-01  6.40000000e-07  8.49617672e-01 
 1.00000000e-06  2.26630436e-01  1.00000000e-06  8.49617672e-01 
 1.00000010e-06  2.26630436e-01  1.00000010e-06  8.49617672e-01 
 1.00000030e-06  2.26630436e-01  1.00000030e-06  8.49617672e-01 
 1.00000070e-06  2.26630436e-01  1.00000070e-06  8.49617672e-01 
 1.00000100e-06  2.26630436e-01  1.00000100e-06  8.49617672e-01 
 1.00000108e-06  2.26630436e-01  1.00000108e-06  8.49617672e-01 
 1.00000124e-06  2.26630436e-01  1.00000124e-06  8.49617672e-01 
 1.00000156e-06  2.26630436e-01  1.00000156e-06  8.49617672e-01 
 1.00000220e-06  2.26630436e-01  1.00000220e-06  8.49617672e-01 
 1.00000348e-06  2.26630436e-01  1.00000348e-06  8.49617672e-01 
 1.00000604e-06  2.26630436e-01  1.00000604e-06  8.49617672e-01 
 1.00001116e-06  2.26630436e-01  1.00001116e-06  8.49617672e-01 
 1.00002140e-06  2.26630436e-01  1.00002140e-06  8.49617672e-01 
 1.00004188e-06  2.26630436e-01  1.00004188e-06  8.49617672e-01 
 1.00008284e-06  2.26630436e-01  1.00008284e-06  8.49617672e-01 
 1.00016476e-06  2.26630436e-01  1.00016476e-06  8.49617672e-01 
 1.00032860e-06  2.26630436e-01  1.00032860e-06  8.49617672e-01 
 1.00065628e-06  2.26630436e-01  1.00065628e-06  8.49617672e-01 
 1.00131164e-06  2.26630436e-01  1.00131164e-06  8.49617672e-01 
 1.00262236e-06  2.26630436e-01  1.00262236e-06  8.49617672e-01 
 1.00524380e-06  2.26630436e-01  1.00524380e-06  8.49617672e-01 
 1.01048668e-06  2.26630436e-01  1.01048668e-06  8.49617672e-01 
 1.02097244e-06  2.26630436e-01  1.02097244e-06  8.49617672e-01 
 1.04194396e-06  2.26630436e-01  1.04194396e-06  8.49617672e-01 
 1.07301905e-06  2.26630436e-01  1.07301905e-06  8.49617672e-01 
 1.10468464e-06  2.26630436e-01  1.10468464e-06  8.49617672e-01 
 1.15925236e-06  2.26630436e-01  1.15925236e-06  8.49617672e-01 
 1.24563039e-06  2.26630436e-01  1.24563039e-06  8.49617672e-01 
 1.41838646e-06  2.26630436e-01  1.41838646e-06  8.49617672e-01 
 1.76389859e-06  2.26630436e-01  1.76389859e-06  8.49617672e-01 
 1.80206086e-06  2.26630436e-01  1.80206086e-06  8.49617672e-01 
 1.87838541e-06  2.26630436e-01  1.87838541e-06  8.49617672e-01 
 2.03103450e-06  2.26630436e-01  2.03103450e-06  8.49617672e-01 
 2.06919677e-06  2.26630436e-01  2.06919677e-06  8.49617672e-01 
 2.14552132e-06  2.26630436e-01  2.14552132e-06  8.49617672e-01 
 2.29817041e-06  2.26630436e-01  2.29817041e-06  8.49617672e-01 
 2.39958864e-06  2.26630436e-01  2.39958864e-06  8.49617672e-01 
 2.49311300e-06  2.26630436e-01  2.49311300e-06  8.49617672e-01 
 2.54753950e-06  2.26630436e-01  2.54753950e-06  8.49617672e-01 
 2.62502452e-06  2.26630436e-01  2.62502452e-06  8.49617672e-01 
 2.72868957e-06  2.26630436e-01  2.72868957e-06  8.49617672e-01 
 2.85186813e-06  2.26630436e-01  2.85186813e-06  8.49617672e-01 
 2.97349944e-06  2.26630436e-01  2.97349944e-06  8.49617672e-01 
 3.10681992e-06  2.26630436e-01  3.10681992e-06  8.49617672e-01 
 3.22578703e-06  2.26630436e-01  3.22578703e-06  8.49617672e-01 
 3.36514636e-06  2.26630436e-01  3.36514636e-06  8.49617672e-01 
 3.54374159e-06  2.26630436e-01  3.54374159e-06  8.49617672e-01 
 3.70484115e-06  2.26630436e-01  3.70484115e-06  8.49617672e-01 
 3.90575555e-06  2.26630436e-01  3.90575555e-06  8.49617672e-01 
 4.13246516e-06  2.26630436e-01  4.13246516e-06  8.49617672e-01 
 4.37130780e-06  2.26630436e-01  4.37130780e-06  8.49617672e-01 
 4.64543723e-06  2.26630436e-01  4.64543723e-06  8.49617672e-01 
 4.98977323e-06  2.26630436e-01  4.98977323e-06  8.49617672e-01 
 5.44708306e-06  2.26630436e-01  5.44708306e-06  8.49617672e-01 
 5.91003193e-06  2.26630436e-01  5.91003193e-06  8.49617672e-01 
 6.52108820e-06  2.26630436e-01  6.52108820e-06  8.49617672e-01 
 7.26197985e-06  2.26630436e-01  7.26197985e-06  8.49617672e-01 
 8.26197985e-06  2.26630436e-01  8.26197985e-06  8.49617672e-01 
 9.26197985e-06  2.26630436e-01  9.26197985e-06  8.49617672e-01 
 1.02619799e-05  2.26630436e-01  1.02619799e-05  8.49617672e-01 
 1.12619799e-05  2.26630436e-01  1.12619799e-05  8.49617672e-01 
 1.22619799e-05  2.26630436e-01  1.22619799e-05  8.49617672e-01 
 1.32619799e-05  2.26630436e-01  1.32619799e-05  8.49617672e-01 
 1.42619799e-05  2.26630436e-01  1.42619799e-05  8.49617672e-01 
 1.52619799e-05  2.26630436e-01  1.52619799e-05  8.49617672e-01 
 1.62619799e-05  2.26630436e-01  1.62619799e-05  8.49617672e-01 
 1.72619799e-05  2.26630436e-01  1.72619799e-05  8.49617672e-01 
 1.82619799e-05  2.26630436e-01  1.82619799e-05  8.49617672e-01 
 1.92619799e-05  2.26630436e-01  1.92619799e-05  8.49617672e-01 
 2.02619799e-05  2.26630436e-01  2.02619799e-05  8.49617672e-01 
 2.12619799e-05  2.26630436e-01  2.12619799e-05  8.49617672e-01 
 2.22619799e-05  2.26630436e-01  2.22619799e-05  8.49617672e-01 
 2.32619799e-05  2.26630436e-01  2.32619799e-05  8.49617672e-01 
 2.42619799e-05  2.26630436e-01  2.42619799e-05  8.49617672e-01 
 2.52619799e-05  2.26630436e-01  2.52619799e-05  8.49617672e-01 
 2.62619799e-05  2.26630436e-01  2.62619799e-05  8.49617672e-01 
 2.72619799e-05  2.26630436e-01  2.72619799e-05  8.49617672e-01 
 2.82619799e-05  2.26630436e-01  2.82619799e-05  8.49617672e-01 
 2.92619799e-05  2.26630436e-01  2.92619799e-05  8.49617672e-01 
 3.02619799e-05  2.26630436e-01  3.02619799e-05  8.49617672e-01 
 3.12619799e-05  2.26630436e-01  3.12619799e-05  8.49617672e-01 
 3.22619799e-05  2.26630436e-01  3.22619799e-05  8.49617672e-01 
 3.32619799e-05  2.26630436e-01  3.32619799e-05  8.49617672e-01 
 3.42619799e-05  2.26630436e-01  3.42619799e-05  8.49617672e-01 
 3.52619799e-05  2.26630436e-01  3.52619799e-05  8.49617672e-01 
 3.62619799e-05  2.26630436e-01  3.62619799e-05  8.49617672e-01 
 3.72619799e-05  2.26630436e-01  3.72619799e-05  8.49617672e-01 
 3.82619799e-05  2.26630436e-01  3.82619799e-05  8.49617672e-01 
 3.92619799e-05  2.26630436e-01  3.92619799e-05  8.49617672e-01 
 4.02619799e-05  2.26630436e-01  4.02619799e-05  8.49617672e-01 
 4.12619799e-05  2.26630436e-01  4.12619799e-05  8.49617672e-01 
 4.22619799e-05  2.26630436e-01  4.22619799e-05  8.49617672e-01 
 4.32619799e-05  2.26630436e-01  4.32619799e-05  8.49617672e-01 
 4.42619799e-05  2.26630436e-01  4.42619799e-05  8.49617672e-01 
 4.52619799e-05  2.26630436e-01  4.52619799e-05  8.49617672e-01 
 4.62619799e-05  2.26630436e-01  4.62619799e-05  8.49617672e-01 
 4.72619799e-05  2.26630436e-01  4.72619799e-05  8.49617672e-01 
 4.82619799e-05  2.26630436e-01  4.82619799e-05  8.49617672e-01 
 4.92619799e-05  2.26630436e-01  4.92619799e-05  8.49617672e-01 
 5.02619799e-05  2.26630436e-01  5.02619799e-05  8.49617672e-01 
 5.12619799e-05  2.26630436e-01  5.12619799e-05  8.49617672e-01 
 5.22619799e-05  2.26630436e-01  5.22619799e-05  8.49617672e-01 
 5.32619799e-05  2.26630436e-01  5.32619799e-05  8.49617672e-01 
 5.42619799e-05  2.26630436e-01  5.42619799e-05  8.49617672e-01 
 5.52619799e-05  2.26630436e-01  5.52619799e-05  8.49617672e-01 
 5.62619799e-05  2.26630436e-01  5.62619799e-05  8.49617672e-01 
 5.72619799e-05  2.26630436e-01  5.72619799e-05  8.49617672e-01 
 5.82619799e-05  2.26630436e-01  5.82619799e-05  8.49617672e-01 
 5.92619799e-05  2.26630436e-01  5.92619799e-05  8.49617672e-01 
 6.02619799e-05  2.26630436e-01  6.02619799e-05  8.49617672e-01 
 6.12619799e-05  2.26630436e-01  6.12619799e-05  8.49617672e-01 
 6.22619799e-05  2.26630436e-01  6.22619799e-05  8.49617672e-01 
 6.32619799e-05  2.26630436e-01  6.32619799e-05  8.49617672e-01 
 6.42619799e-05  2.26630436e-01  6.42619799e-05  8.49617672e-01 
 6.52619799e-05  2.26630436e-01  6.52619799e-05  8.49617672e-01 
 6.62619799e-05  2.26630436e-01  6.62619799e-05  8.49617672e-01 
 6.72619799e-05  2.26630436e-01  6.72619799e-05  8.49617672e-01 
 6.82619799e-05  2.26630436e-01  6.82619799e-05  8.49617672e-01 
 6.92619799e-05  2.26630436e-01  6.92619799e-05  8.49617672e-01 
 7.02619799e-05  2.26630436e-01  7.02619799e-05  8.49617672e-01 
 7.12619799e-05  2.26630436e-01  7.12619799e-05  8.49617672e-01 
 7.22619799e-05  2.26630436e-01  7.22619799e-05  8.49617672e-01 
 7.32619799e-05  2.26630436e-01  7.32619799e-05  8.49617672e-01 
 7.42619799e-05  2.26630436e-01  7.42619799e-05  8.49617672e-01 
 7.52619799e-05  2.26630436e-01  7.52619799e-05  8.49617672e-01 
 7.62619799e-05  2.26630436e-01  7.62619799e-05  8.49617672e-01 
 7.72619799e-05  2.26630436e-01  7.72619799e-05  8.49617672e-01 
 7.82619799e-05  2.26630436e-01  7.82619799e-05  8.49617672e-01 
 7.92619799e-05  2.26630436e-01  7.92619799e-05  8.49617672e-01 
 8.02619799e-05  2.26630436e-01  8.02619799e-05  8.49617672e-01 
 8.12619799e-05  2.26630436e-01  8.12619799e-05  8.49617672e-01 
 8.22619799e-05  2.26630436e-01  8.22619799e-05  8.49617672e-01 
 8.32619799e-05  2.26630436e-01  8.32619799e-05  8.49617672e-01 
 8.42619799e-05  2.26630436e-01  8.42619799e-05  8.49617672e-01 
 8.52619799e-05  2.26630436e-01  8.52619799e-05  8.49617672e-01 
 8.62619799e-05  2.26630436e-01  8.62619799e-05  8.49617672e-01 
 8.72619799e-05  2.26630436e-01  8.72619799e-05  8.49617672e-01 
 8.82619799e-05  2.26630436e-01  8.82619799e-05  8.49617672e-01 
 8.92619799e-05  2.26630436e-01  8.92619799e-05  8.49617672e-01 
 9.02619799e-05  2.26630436e-01  9.02619799e-05  8.49617672e-01 
 9.12619799e-05  2.26630436e-01  9.12619799e-05  8.49617672e-01 
 9.22619799e-05  2.26630436e-01  9.22619799e-05  8.49617672e-01 
 9.32619799e-05  2.26630436e-01  9.32619799e-05  8.49617672e-01 
 9.42619799e-05  2.26630436e-01  9.42619799e-05  8.49617672e-01 
 9.52619799e-05  2.26630436e-01  9.52619799e-05  8.49617672e-01 
 9.62619799e-05  2.26630436e-01  9.62619799e-05  8.49617672e-01 
 9.72619799e-05  2.26630436e-01  9.72619799e-05  8.49617672e-01 
 9.82619799e-05  2.26630436e-01  9.82619799e-05  8.49617672e-01 
 9.92619799e-05  2.26630436e-01  9.92619799e-05  8.49617672e-01 
 1.00261980e-04  2.26630436e-01  1.00261980e-04  8.49617672e-01 
 1.01261980e-04  2.26630436e-01  1.01261980e-04  8.49617672e-01 
 1.02261980e-04  2.26630436e-01  1.02261980e-04  8.49617672e-01 
 1.03261980e-04  2.26630436e-01  1.03261980e-04  8.49617672e-01 
 1.04261980e-04  2.26630436e-01  1.04261980e-04  8.49617672e-01 
 1.05261980e-04  2.26630436e-01  1.05261980e-04  8.49617672e-01 
 1.06261980e-04  2.26630436e-01  1.06261980e-04  8.49617672e-01 
 1.07261980e-04  2.26630436e-01  1.07261980e-04  8.49617672e-01 
 1.08261980e-04  2.26630436e-01  1.08261980e-04  8.49617672e-01 
 1.09261980e-04  2.26630436e-01  1.09261980e-04  8.49617672e-01 
 1.10261980e-04  2.26630436e-01  1.10261980e-04  8.49617672e-01 
 1.11261980e-04  2.26630436e-01  1.11261980e-04  8.49617672e-01 
 1.12261980e-04  2.26630436e-01  1.12261980e-04  8.49617672e-01 
 1.13261980e-04  2.26630436e-01  1.13261980e-04  8.49617672e-01 
 1.14261980e-04  2.26630436e-01  1.14261980e-04  8.49617672e-01 
 1.15261980e-04  2.26630436e-01  1.15261980e-04  8.49617672e-01 
 1.16261980e-04  2.26630436e-01  1.16261980e-04  8.49617672e-01 
 1.17261980e-04  2.26630436e-01  1.17261980e-04  8.49617672e-01 
 1.18261980e-04  2.26630436e-01  1.18261980e-04  8.49617672e-01 
 1.19261980e-04  2.26630436e-01  1.19261980e-04  8.49617672e-01 
 1.20261980e-04  2.26630436e-01  1.20261980e-04  8.49617672e-01 
 1.21261980e-04  2.26630436e-01  1.21261980e-04  8.49617672e-01 
 1.22261980e-04  2.26630436e-01  1.22261980e-04  8.49617672e-01 
 1.23261980e-04  2.26630436e-01  1.23261980e-04  8.49617672e-01 
 1.24261980e-04  2.26630436e-01  1.24261980e-04  8.49617672e-01 
 1.25261980e-04  2.26630436e-01  1.25261980e-04  8.49617672e-01 
 1.26261980e-04  2.26630436e-01  1.26261980e-04  8.49617672e-01 
 1.27261980e-04  2.26630436e-01  1.27261980e-04  8.49617672e-01 
 1.28261980e-04  2.26630436e-01  1.28261980e-04  8.49617672e-01 
 1.29261980e-04  2.26630436e-01  1.29261980e-04  8.49617672e-01 
 1.30261980e-04  2.26630436e-01  1.30261980e-04  8.49617672e-01 
 1.31261980e-04  2.26630436e-01  1.31261980e-04  8.49617672e-01 
 1.32261980e-04  2.26630436e-01  1.32261980e-04  8.49617672e-01 
 1.33261980e-04  2.26630436e-01  1.33261980e-04  8.49617672e-01 
 1.34261980e-04  2.26630436e-01  1.34261980e-04  8.49617672e-01 
 1.35261980e-04  2.26630436e-01  1.35261980e-04  8.49617672e-01 
 1.36261980e-04  2.26630436e-01  1.36261980e-04  8.49617672e-01 
 1.37261980e-04  2.26630436e-01  1.37261980e-04  8.49617672e-01 
 1.38261980e-04  2.26630436e-01  1.38261980e-04  8.49617672e-01 
 1.39261980e-04  2.26630436e-01  1.39261980e-04  8.49617672e-01 
 1.40261980e-04  2.26630436e-01  1.40261980e-04  8.49617672e-01 
 1.41261980e-04  2.26630436e-01  1.41261980e-04  8.49617672e-01 
 1.42261980e-04  2.26630436e-01  1.42261980e-04  8.49617672e-01 
 1.43261980e-04  2.26630436e-01  1.43261980e-04  8.49617672e-01 
 1.44261980e-04  2.26630436e-01  1.44261980e-04  8.49617672e-01 
 1.45261980e-04  2.26630436e-01  1.45261980e-04  8.49617672e-01 
 1.46261980e-04  2.26630436e-01  1.46261980e-04  8.49617672e-01 
 1.47261980e-04  2.26630436e-01  1.47261980e-04  8.49617672e-01 
 1.48261980e-04  2.26630436e-01  1.48261980e-04  8.49617672e-01 
 1.49261980e-04  2.26630436e-01  1.49261980e-04  8.49617672e-01 
 1.50261980e-04  2.26630436e-01  1.50261980e-04  8.49617672e-01 
 1.51261980e-04  2.26630436e-01  1.51261980e-04  8.49617672e-01 
 1.52261980e-04  2.26630436e-01  1.52261980e-04  8.49617672e-01 
 1.53261980e-04  2.26630436e-01  1.53261980e-04  8.49617672e-01 
 1.54261980e-04  2.26630436e-01  1.54261980e-04  8.49617672e-01 
 1.55261980e-04  2.26630436e-01  1.55261980e-04  8.49617672e-01 
 1.56261980e-04  2.26630436e-01  1.56261980e-04  8.49617672e-01 
 1.57261980e-04  2.26630436e-01  1.57261980e-04  8.49617672e-01 
 1.58261980e-04  2.26630436e-01  1.58261980e-04  8.49617672e-01 
 1.59261980e-04  2.26630436e-01  1.59261980e-04  8.49617672e-01 
 1.60261980e-04  2.26630436e-01  1.60261980e-04  8.49617672e-01 
 1.61261980e-04  2.26630436e-01  1.61261980e-04  8.49617672e-01 
 1.62261980e-04  2.26630436e-01  1.62261980e-04  8.49617672e-01 
 1.63261980e-04  2.26630436e-01  1.63261980e-04  8.49617672e-01 
 1.64261980e-04  2.26630436e-01  1.64261980e-04  8.49617672e-01 
 1.65261980e-04  2.26630436e-01  1.65261980e-04  8.49617672e-01 
 1.66261980e-04  2.26630436e-01  1.66261980e-04  8.49617672e-01 
 1.67261980e-04  2.26630436e-01  1.67261980e-04  8.49617672e-01 
 1.68261980e-04  2.26630436e-01  1.68261980e-04  8.49617672e-01 
 1.69261980e-04  2.26630436e-01  1.69261980e-04  8.49617672e-01 
 1.70261980e-04  2.26630436e-01  1.70261980e-04  8.49617672e-01 
 1.71261980e-04  2.26630436e-01  1.71261980e-04  8.49617672e-01 
 1.72261980e-04  2.26630436e-01  1.72261980e-04  8.49617672e-01 
 1.73261980e-04  2.26630436e-01  1.73261980e-04  8.49617672e-01 
 1.74261980e-04  2.26630436e-01  1.74261980e-04  8.49617672e-01 
 1.75261980e-04  2.26630436e-01  1.75261980e-04  8.49617672e-01 
 1.76261980e-04  2.26630436e-01  1.76261980e-04  8.49617672e-01 
 1.77261980e-04  2.26630436e-01  1.77261980e-04  8.49617672e-01 
 1.78261980e-04  2.26630436e-01  1.78261980e-04  8.49617672e-01 
 1.79261980e-04  2.26630436e-01  1.79261980e-04  8.49617672e-01 
 1.80261980e-04  2.26630436e-01  1.80261980e-04  8.49617672e-01 
 1.81261980e-04  2.26630436e-01  1.81261980e-04  8.49617672e-01 
 1.82261980e-04  2.26630436e-01  1.82261980e-04  8.49617672e-01 
 1.83261980e-04  2.26630436e-01  1.83261980e-04  8.49617672e-01 
 1.84261980e-04  2.26630436e-01  1.84261980e-04  8.49617672e-01 
 1.85261980e-04  2.26630436e-01  1.85261980e-04  8.49617672e-01 
 1.86261980e-04  2.26630436e-01  1.86261980e-04  8.49617672e-01 
 1.87261980e-04  2.26630436e-01  1.87261980e-04  8.49617672e-01 
 1.88261980e-04  2.26630436e-01  1.88261980e-04  8.49617672e-01 
 1.89261980e-04  2.26630436e-01  1.89261980e-04  8.49617672e-01 
 1.90261980e-04  2.26630436e-01  1.90261980e-04  8.49617672e-01 
 1.91261980e-04  2.26630436e-01  1.91261980e-04  8.49617672e-01 
 1.92261980e-04  2.26630436e-01  1.92261980e-04  8.49617672e-01 
 1.93261980e-04  2.26630436e-01  1.93261980e-04  8.49617672e-01 
 1.94261980e-04  2.26630436e-01  1.94261980e-04  8.49617672e-01 
 1.95261980e-04  2.26630436e-01  1.95261980e-04  8.49617672e-01 
 1.96261980e-04  2.26630436e-01  1.96261980e-04  8.49617672e-01 
 1.97261980e-04  2.26630436e-01  1.97261980e-04  8.49617672e-01 
 1.98261980e-04  2.26630436e-01  1.98261980e-04  8.49617672e-01 
 1.99261980e-04  2.26630436e-01  1.99261980e-04  8.49617672e-01 
 2.00261980e-04  2.26630436e-01  2.00261980e-04  8.49617672e-01 
 2.01000001e-04  2.26630436e-01  2.01000001e-04  8.49617672e-01 
 2.01000001e-04  2.26630436e-01  2.01000001e-04  8.49617672e-01 
 2.01000001e-04  2.26630436e-01  2.01000001e-04  8.49617672e-01 
 2.01000002e-04  2.26630436e-01  2.01000002e-04  8.49617672e-01 
 2.01000002e-04  2.26630436e-01  2.01000002e-04  8.49617672e-01 
 2.01000002e-04  2.26630436e-01  2.01000002e-04  8.49617672e-01 
 2.01000002e-04  2.26630436e-01  2.01000002e-04  8.49617672e-01 
 2.01000003e-04  2.26630436e-01  2.01000003e-04  8.49617672e-01 
 2.01000003e-04  2.26630436e-01  2.01000003e-04  8.49617672e-01 
 2.01000004e-04  2.26630436e-01  2.01000004e-04  8.49617672e-01 
 2.01000007e-04  2.26630436e-01  2.01000007e-04  8.49617672e-01 
 2.01000012e-04  2.26630436e-01  2.01000012e-04  8.49617672e-01 
 2.01000022e-04  2.26630436e-01  2.01000022e-04  8.49617672e-01 
 2.01000043e-04  2.26630436e-01  2.01000043e-04  8.49617672e-01 
 2.01000084e-04  2.26630436e-01  2.01000084e-04  8.49617672e-01 
 2.01000166e-04  2.26630436e-01  2.01000166e-04  8.49617672e-01 
 2.01000330e-04  2.26630436e-01  2.01000330e-04  8.49617672e-01 
 2.01000657e-04  2.26630436e-01  2.01000657e-04  8.49617672e-01 
 2.01001313e-04  2.26630436e-01  2.01001313e-04  8.49617672e-01 
 2.01002623e-04  2.26630436e-01  2.01002623e-04  8.49617672e-01 
 2.01005245e-04  2.26630436e-01  2.01005245e-04  8.49617672e-01 
 2.01010488e-04  2.26630436e-01  2.01010488e-04  8.49617672e-01 
 2.01020973e-04  2.26630436e-01  2.01020973e-04  8.49617672e-01 
 2.01041945e-04  2.26630436e-01  2.01041945e-04  8.49617672e-01 
 2.01074282e-04  2.26630436e-01  2.01074282e-04  8.49617672e-01 
 2.01109732e-04  2.26630436e-01  2.01109732e-04  8.49617672e-01 
 2.01180631e-04  2.26630436e-01  2.01180631e-04  8.49617672e-01 
 2.01250346e-04  2.26630436e-01  2.01250346e-04  8.49617672e-01 
 2.01363601e-04  2.26630436e-01  2.01363601e-04  8.49617672e-01 
 2.01530580e-04  2.26630436e-01  2.01530580e-04  8.49617672e-01 
 2.01719454e-04  2.26630436e-01  2.01719454e-04  8.49617672e-01 
 2.02097203e-04  2.26630436e-01  2.02097203e-04  8.49617672e-01 
 2.02852699e-04  2.26630436e-01  2.02852699e-04  8.49617672e-01 
 2.03843320e-04  2.26630436e-01  2.03843320e-04  8.49617672e-01 
 2.04843320e-04  2.26630436e-01  2.04843320e-04  8.49617672e-01 
 2.05843320e-04  2.26630436e-01  2.05843320e-04  8.49617672e-01 
 2.06843320e-04  2.26630436e-01  2.06843320e-04  8.49617672e-01 
 2.07843320e-04  2.26630436e-01  2.07843320e-04  8.49617672e-01 
 2.08843320e-04  2.26630436e-01  2.08843320e-04  8.49617672e-01 
 2.09843320e-04  2.26630436e-01  2.09843320e-04  8.49617672e-01 
 2.10843320e-04  2.26630436e-01  2.10843320e-04  8.49617672e-01 
 2.11843320e-04  2.26630436e-01  2.11843320e-04  8.49617672e-01 
 2.12843320e-04  2.26630436e-01  2.12843320e-04  8.49617672e-01 
 2.13843320e-04  2.26630436e-01  2.13843320e-04  8.49617672e-01 
 2.14843320e-04  2.26630436e-01  2.14843320e-04  8.49617672e-01 
 2.15843320e-04  2.26630436e-01  2.15843320e-04  8.49617672e-01 
 2.16843320e-04  2.26630436e-01  2.16843320e-04  8.49617672e-01 
 2.17843320e-04  2.26630436e-01  2.17843320e-04  8.49617672e-01 
 2.18843320e-04  2.26630436e-01  2.18843320e-04  8.49617672e-01 
 2.19843320e-04  2.26630436e-01  2.19843320e-04  8.49617672e-01 
 2.20843320e-04  2.26630436e-01  2.20843320e-04  8.49617672e-01 
 2.21843320e-04  2.26630436e-01  2.21843320e-04  8.49617672e-01 
 2.22843320e-04  2.26630436e-01  2.22843320e-04  8.49617672e-01 
 2.23843320e-04  2.26630436e-01  2.23843320e-04  8.49617672e-01 
 2.24843320e-04  2.26630436e-01  2.24843320e-04  8.49617672e-01 
 2.25843320e-04  2.26630436e-01  2.25843320e-04  8.49617672e-01 
 2.26843320e-04  2.26630436e-01  2.26843320e-04  8.49617672e-01 
 2.27843320e-04  2.26630436e-01  2.27843320e-04  8.49617672e-01 
 2.28843320e-04  2.26630436e-01  2.28843320e-04  8.49617672e-01 
 2.29843320e-04  2.26630436e-01  2.29843320e-04  8.49617672e-01 
 2.30843320e-04  2.26630436e-01  2.30843320e-04  8.49617672e-01 
 2.31843320e-04  2.26630436e-01  2.31843320e-04  8.49617672e-01 
 2.32843320e-04  2.26630436e-01  2.32843320e-04  8.49617672e-01 
 2.33843320e-04  2.26630436e-01  2.33843320e-04  8.49617672e-01 
 2.34843320e-04  2.26630436e-01  2.34843320e-04  8.49617672e-01 
 2.35843320e-04  2.26630436e-01  2.35843320e-04  8.49617672e-01 
 2.36843320e-04  2.26630436e-01  2.36843320e-04  8.49617672e-01 
 2.37843320e-04  2.26630436e-01  2.37843320e-04  8.49617672e-01 
 2.38843320e-04  2.26630436e-01  2.38843320e-04  8.49617672e-01 
 2.39843320e-04  2.26630436e-01  2.39843320e-04  8.49617672e-01 
 2.40843320e-04  2.26630436e-01  2.40843320e-04  8.49617672e-01 
 2.41843320e-04  2.26630436e-01  2.41843320e-04  8.49617672e-01 
 2.42843320e-04  2.26630436e-01  2.42843320e-04  8.49617672e-01 
 2.43843320e-04  2.26630436e-01  2.43843320e-04  8.49617672e-01 
 2.44843320e-04  2.26630436e-01  2.44843320e-04  8.49617672e-01 
 2.45843320e-04  2.26630436e-01  2.45843320e-04  8.49617672e-01 
 2.46843320e-04  2.26630436e-01  2.46843320e-04  8.49617672e-01 
 2.47843320e-04  2.26630436e-01  2.47843320e-04  8.49617672e-01 
 2.48843320e-04  2.26630436e-01  2.48843320e-04  8.49617672e-01 
 2.49843320e-04  2.26630436e-01  2.49843320e-04  8.49617672e-01 
 2.50843320e-04  2.26630436e-01  2.50843320e-04  8.49617672e-01 
 2.51843320e-04  2.26630436e-01  2.51843320e-04  8.49617672e-01 
 2.52843320e-04  2.26630436e-01  2.52843320e-04  8.49617672e-01 
 2.53843320e-04  2.26630436e-01  2.53843320e-04  8.49617672e-01 
 2.54843320e-04  2.26630436e-01  2.54843320e-04  8.49617672e-01 
 2.55843320e-04  2.26630436e-01  2.55843320e-04  8.49617672e-01 
 2.56843320e-04  2.26630436e-01  2.56843320e-04  8.49617672e-01 
 2.57843320e-04  2.26630436e-01  2.57843320e-04  8.49617672e-01 
 2.58843320e-04  2.26630436e-01  2.58843320e-04  8.49617672e-01 
 2.59843320e-04  2.26630436e-01  2.59843320e-04  8.49617672e-01 
 2.60843320e-04  2.26630436e-01  2.60843320e-04  8.49617672e-01 
 2.61843320e-04  2.26630436e-01  2.61843320e-04  8.49617672e-01 
 2.62843320e-04  2.26630436e-01  2.62843320e-04  8.49617672e-01 
 2.63843320e-04  2.26630436e-01  2.63843320e-04  8.49617672e-01 
 2.64843320e-04  2.26630436e-01  2.64843320e-04  8.49617672e-01 
 2.65843320e-04  2.26630436e-01  2.65843320e-04  8.49617672e-01 
 2.66843320e-04  2.26630436e-01  2.66843320e-04  8.49617672e-01 
 2.67843320e-04  2.26630436e-01  2.67843320e-04  8.49617672e-01 
 2.68843320e-04  2.26630436e-01  2.68843320e-04  8.49617672e-01 
 2.69843320e-04  2.26630436e-01  2.69843320e-04  8.49617672e-01 
 2.70843320e-04  2.26630436e-01  2.70843320e-04  8.49617672e-01 
 2.71843320e-04  2.26630436e-01  2.71843320e-04  8.49617672e-01 
 2.72843320e-04  2.26630436e-01  2.72843320e-04  8.49617672e-01 
 2.73843320e-04  2.26630436e-01  2.73843320e-04  8.49617672e-01 
 2.74843320e-04  2.26630436e-01  2.74843320e-04  8.49617672e-01 
 2.75843320e-04  2.26630436e-01  2.75843320e-04  8.49617672e-01 
 2.76843320e-04  2.26630436e-01  2.76843320e-04  8.49617672e-01 
 2.77843320e-04  2.26630436e-01  2.77843320e-04  8.49617672e-01 
 2.78843320e-04  2.26630436e-01  2.78843320e-04  8.49617672e-01 
 2.79843320e-04  2.26630436e-01  2.79843320e-04  8.49617672e-01 
 2.80843320e-04  2.26630436e-01  2.80843320e-04  8.49617672e-01 
 2.81843320e-04  2.26630436e-01  2.81843320e-04  8.49617672e-01 
 2.82843320e-04  2.26630436e-01  2.82843320e-04  8.49617672e-01 
 2.83843320e-04  2.26630436e-01  2.83843320e-04  8.49617672e-01 
 2.84843320e-04  2.26630436e-01  2.84843320e-04  8.49617672e-01 
 2.85843320e-04  2.26630436e-01  2.85843320e-04  8.49617672e-01 
 2.86843320e-04  2.26630436e-01  2.86843320e-04  8.49617672e-01 
 2.87843320e-04  2.26630436e-01  2.87843320e-04  8.49617672e-01 
 2.88843320e-04  2.26630436e-01  2.88843320e-04  8.49617672e-01 
 2.89843320e-04  2.26630436e-01  2.89843320e-04  8.49617672e-01 
 2.90843320e-04  2.26630436e-01  2.90843320e-04  8.49617672e-01 
 2.91843320e-04  2.26630436e-01  2.91843320e-04  8.49617672e-01 
 2.92843320e-04  2.26630436e-01  2.92843320e-04  8.49617672e-01 
 2.93843320e-04  2.26630436e-01  2.93843320e-04  8.49617672e-01 
 2.94843320e-04  2.26630436e-01  2.94843320e-04  8.49617672e-01 
 2.95843320e-04  2.26630436e-01  2.95843320e-04  8.49617672e-01 
 2.96843320e-04  2.26630436e-01  2.96843320e-04  8.49617672e-01 
 2.97843320e-04  2.26630436e-01  2.97843320e-04  8.49617672e-01 
 2.98843320e-04  2.26630436e-01  2.98843320e-04  8.49617672e-01 
 2.99843320e-04  2.26630436e-01  2.99843320e-04  8.49617672e-01 
 3.00843320e-04  2.26630436e-01  3.00843320e-04  8.49617672e-01 
 3.01843320e-04  2.26630436e-01  3.01843320e-04  8.49617672e-01 
 3.02843320e-04  2.26630436e-01  3.02843320e-04  8.49617672e-01 
 3.03843320e-04  2.26630436e-01  3.03843320e-04  8.49617672e-01 
 3.04843320e-04  2.26630436e-01  3.04843320e-04  8.49617672e-01 
 3.05843320e-04  2.26630436e-01  3.05843320e-04  8.49617672e-01 
 3.06843320e-04  2.26630436e-01  3.06843320e-04  8.49617672e-01 
 3.07843320e-04  2.26630436e-01  3.07843320e-04  8.49617672e-01 
 3.08843320e-04  2.26630436e-01  3.08843320e-04  8.49617672e-01 
 3.09843320e-04  2.26630436e-01  3.09843320e-04  8.49617672e-01 
 3.10843320e-04  2.26630436e-01  3.10843320e-04  8.49617672e-01 
 3.11843320e-04  2.26630436e-01  3.11843320e-04  8.49617672e-01 
 3.12843320e-04  2.26630436e-01  3.12843320e-04  8.49617672e-01 
 3.13843320e-04  2.26630436e-01  3.13843320e-04  8.49617672e-01 
 3.14843320e-04  2.26630436e-01  3.14843320e-04  8.49617672e-01 
 3.15843320e-04  2.26630436e-01  3.15843320e-04  8.49617672e-01 
 3.16843320e-04  2.26630436e-01  3.16843320e-04  8.49617672e-01 
 3.17843320e-04  2.26630436e-01  3.17843320e-04  8.49617672e-01 
 3.18843320e-04  2.26630436e-01  3.18843320e-04  8.49617672e-01 
 3.19843320e-04  2.26630436e-01  3.19843320e-04  8.49617672e-01 
 3.20843320e-04  2.26630436e-01  3.20843320e-04  8.49617672e-01 
 3.21843320e-04  2.26630436e-01  3.21843320e-04  8.49617672e-01 
 3.22843320e-04  2.26630436e-01  3.22843320e-04  8.49617672e-01 
 3.23843320e-04  2.26630436e-01  3.23843320e-04  8.49617672e-01 
 3.24843320e-04  2.26630436e-01  3.24843320e-04  8.49617672e-01 
 3.25843320e-04  2.26630436e-01  3.25843320e-04  8.49617672e-01 
 3.26843320e-04  2.26630436e-01  3.26843320e-04  8.49617672e-01 
 3.27843320e-04  2.26630436e-01  3.27843320e-04  8.49617672e-01 
 3.28843320e-04  2.26630436e-01  3.28843320e-04  8.49617672e-01 
 3.29843320e-04  2.26630436e-01  3.29843320e-04  8.49617672e-01 
 3.30843320e-04  2.26630436e-01  3.30843320e-04  8.49617672e-01 
 3.31843320e-04  2.26630436e-01  3.31843320e-04  8.49617672e-01 
 3.32843320e-04  2.26630436e-01  3.32843320e-04  8.49617672e-01 
 3.33843320e-04  2.26630436e-01  3.33843320e-04  8.49617672e-01 
 3.34843320e-04  2.26630436e-01  3.34843320e-04  8.49617672e-01 
 3.35843320e-04  2.26630436e-01  3.35843320e-04  8.49617672e-01 
 3.36843320e-04  2.26630436e-01  3.36843320e-04  8.49617672e-01 
 3.37843320e-04  2.26630436e-01  3.37843320e-04  8.49617672e-01 
 3.38843320e-04  2.26630436e-01  3.38843320e-04  8.49617672e-01 
 3.39843320e-04  2.26630436e-01  3.39843320e-04  8.49617672e-01 
 3.40843320e-04  2.26630436e-01  3.40843320e-04  8.49617672e-01 
 3.41843320e-04  2.26630436e-01  3.41843320e-04  8.49617672e-01 
 3.42843320e-04  2.26630436e-01  3.42843320e-04  8.49617672e-01 
 3.43843320e-04  2.26630436e-01  3.43843320e-04  8.49617672e-01 
 3.44843320e-04  2.26630436e-01  3.44843320e-04  8.49617672e-01 
 3.45843320e-04  2.26630436e-01  3.45843320e-04  8.49617672e-01 
 3.46843320e-04  2.26630436e-01  3.46843320e-04  8.49617672e-01 
 3.47843320e-04  2.26630436e-01  3.47843320e-04  8.49617672e-01 
 3.48843320e-04  2.26630436e-01  3.48843320e-04  8.49617672e-01 
 3.49843320e-04  2.26630436e-01  3.49843320e-04  8.49617672e-01 
 3.50843320e-04  2.26630436e-01  3.50843320e-04  8.49617672e-01 
 3.51843320e-04  2.26630436e-01  3.51843320e-04  8.49617672e-01 
 3.52843320e-04  2.26630436e-01  3.52843320e-04  8.49617672e-01 
 3.53843320e-04  2.26630436e-01  3.53843320e-04  8.49617672e-01 
 3.54843320e-04  2.26630436e-01  3.54843320e-04  8.49617672e-01 
 3.55843320e-04  2.26630436e-01  3.55843320e-04  8.49617672e-01 
 3.56843320e-04  2.26630436e-01  3.56843320e-04  8.49617672e-01 
 3.57843320e-04  2.26630436e-01  3.57843320e-04  8.49617672e-01 
 3.58843320e-04  2.26630436e-01  3.58843320e-04  8.49617672e-01 
 3.59843320e-04  2.26630436e-01  3.59843320e-04  8.49617672e-01 
 3.60843320e-04  2.26630436e-01  3.60843320e-04  8.49617672e-01 
 3.61843320e-04  2.26630436e-01  3.61843320e-04  8.49617672e-01 
 3.62843320e-04  2.26630436e-01  3.62843320e-04  8.49617672e-01 
 3.63843320e-04  2.26630436e-01  3.63843320e-04  8.49617672e-01 
 3.64843320e-04  2.26630436e-01  3.64843320e-04  8.49617672e-01 
 3.65843320e-04  2.26630436e-01  3.65843320e-04  8.49617672e-01 
 3.66843320e-04  2.26630436e-01  3.66843320e-04  8.49617672e-01 
 3.67843320e-04  2.26630436e-01  3.67843320e-04  8.49617672e-01 
 3.68843320e-04  2.26630436e-01  3.68843320e-04  8.49617672e-01 
 3.69843320e-04  2.26630436e-01  3.69843320e-04  8.49617672e-01 
 3.70843320e-04  2.26630436e-01  3.70843320e-04  8.49617672e-01 
 3.71843320e-04  2.26630436e-01  3.71843320e-04  8.49617672e-01 
 3.72843320e-04  2.26630436e-01  3.72843320e-04  8.49617672e-01 
 3.73843320e-04  2.26630436e-01  3.73843320e-04  8.49617672e-01 
 3.74843320e-04  2.26630436e-01  3.74843320e-04  8.49617672e-01 
 3.75843320e-04  2.26630436e-01  3.75843320e-04  8.49617672e-01 
 3.76843320e-04  2.26630436e-01  3.76843320e-04  8.49617672e-01 
 3.77843320e-04  2.26630436e-01  3.77843320e-04  8.49617672e-01 
 3.78843320e-04  2.26630436e-01  3.78843320e-04  8.49617672e-01 
 3.79843320e-04  2.26630436e-01  3.79843320e-04  8.49617672e-01 
 3.80843320e-04  2.26630436e-01  3.80843320e-04  8.49617672e-01 
 3.81843320e-04  2.26630436e-01  3.81843320e-04  8.49617672e-01 
 3.82843320e-04  2.26630436e-01  3.82843320e-04  8.49617672e-01 
 3.83843320e-04  2.26630436e-01  3.83843320e-04  8.49617672e-01 
 3.84843320e-04  2.26630436e-01  3.84843320e-04  8.49617672e-01 
 3.85843320e-04  2.26630436e-01  3.85843320e-04  8.49617672e-01 
 3.86843320e-04  2.26630436e-01  3.86843320e-04  8.49617672e-01 
 3.87843320e-04  2.26630436e-01  3.87843320e-04  8.49617672e-01 
 3.88843320e-04  2.26630436e-01  3.88843320e-04  8.49617672e-01 
 3.89843320e-04  2.26630436e-01  3.89843320e-04  8.49617672e-01 
 3.90843320e-04  2.26630436e-01  3.90843320e-04  8.49617672e-01 
 3.91843320e-04  2.26630436e-01  3.91843320e-04  8.49617672e-01 
 3.92843320e-04  2.26630436e-01  3.92843320e-04  8.49617672e-01 
 3.93843320e-04  2.26630436e-01  3.93843320e-04  8.49617672e-01 
 3.94843320e-04  2.26630436e-01  3.94843320e-04  8.49617672e-01 
 3.95843320e-04  2.26630436e-01  3.95843320e-04  8.49617672e-01 
 3.96843320e-04  2.26630436e-01  3.96843320e-04  8.49617672e-01 
 3.97843320e-04  2.26630436e-01  3.97843320e-04  8.49617672e-01 
 3.98843320e-04  2.26630436e-01  3.98843320e-04  8.49617672e-01 
 3.99843320e-04  2.26630436e-01  3.99843320e-04  8.49617672e-01 
 4.00843320e-04  2.26630436e-01  4.00843320e-04  8.49617672e-01 
 4.01000000e-04  2.26630436e-01  4.01000000e-04  8.49617672e-01 
