 0.00000000e+00  6.61336296e-01  0.00000000e+00  1.48809524e+00 
 1.00000000e-08  6.61336296e-01  1.00000000e-08  1.48809524e+00 
 2.00000000e-08  6.61336296e-01  2.00000000e-08  1.48809524e+00 
 4.00000000e-08  6.61336296e-01  4.00000000e-08  1.48809524e+00 
 8.00000000e-08  6.61336296e-01  8.00000000e-08  1.48809524e+00 
 1.60000000e-07  6.61336296e-01  1.60000000e-07  1.48809524e+00 
 3.20000000e-07  6.61336296e-01  3.20000000e-07  1.48809524e+00 
 6.40000000e-07  6.61336296e-01  6.40000000e-07  1.48809524e+00 
 1.00000000e-06  6.61336296e-01  1.00000000e-06  1.48809524e+00 
 1.00000010e-06  6.61336296e-01  1.00000010e-06  1.48809524e+00 
 1.00000030e-06  6.61336296e-01  1.00000030e-06  1.48809524e+00 
 1.00000070e-06  6.61336296e-01  1.00000070e-06  1.48809524e+00 
 1.00000100e-06  6.61336296e-01  1.00000100e-06  1.48809524e+00 
 1.00000108e-06  6.61336296e-01  1.00000108e-06  1.48809524e+00 
 1.00000124e-06  6.61336296e-01  1.00000124e-06  1.48809524e+00 
 1.00000156e-06  6.61336296e-01  1.00000156e-06  1.48809524e+00 
 1.00000220e-06  6.61336296e-01  1.00000220e-06  1.48809524e+00 
 1.00000348e-06  6.61336296e-01  1.00000348e-06  1.48809524e+00 
 1.00000604e-06  6.61336296e-01  1.00000604e-06  1.48809524e+00 
 1.00001116e-06  6.61336296e-01  1.00001116e-06  1.48809524e+00 
 1.00002140e-06  6.61336296e-01  1.00002140e-06  1.48809524e+00 
 1.00004188e-06  6.61336296e-01  1.00004188e-06  1.48809524e+00 
 1.00008284e-06  6.61336296e-01  1.00008284e-06  1.48809524e+00 
 1.00016476e-06  6.61336296e-01  1.00016476e-06  1.48809524e+00 
 1.00032860e-06  6.61336296e-01  1.00032860e-06  1.48809524e+00 
 1.00065628e-06  6.61336296e-01  1.00065628e-06  1.48809524e+00 
 1.00131164e-06  6.61336296e-01  1.00131164e-06  1.48809524e+00 
 1.00231474e-06  6.61336296e-01  1.00231474e-06  1.48809524e+00 
 1.00427515e-06  6.61336296e-01  1.00427515e-06  1.48809524e+00 
 1.00815727e-06  6.61336296e-01  1.00815727e-06  1.48809524e+00 
 1.01474538e-06  6.61336296e-01  1.01474538e-06  1.48809524e+00 
 1.02792159e-06  6.61336296e-01  1.02792159e-06  1.48809524e+00 
 1.04833863e-06  6.61336296e-01  1.04833863e-06  1.48809524e+00 
 1.07468784e-06  6.61336296e-01  1.07468784e-06  1.48809524e+00 
 1.12738626e-06  6.61336296e-01  1.12738626e-06  1.48809524e+00 
 1.17790760e-06  6.61336296e-01  1.17790760e-06  1.48809524e+00 
 1.22560714e-06  6.61336296e-01  1.22560714e-06  1.48809524e+00 
 1.28523220e-06  6.61336296e-01  1.28523220e-06  1.48809524e+00 
 1.36148285e-06  6.61336296e-01  1.36148285e-06  1.48809524e+00 
 1.44527598e-06  6.61336296e-01  1.44527598e-06  1.48809524e+00 
 1.49654402e-06  6.61336296e-01  1.49654402e-06  1.48809524e+00 
 1.54686553e-06  6.61336296e-01  1.54686553e-06  1.48809524e+00 
 1.57544247e-06  6.61336296e-01  1.57544247e-06  1.48809524e+00 
 1.59597013e-06  6.61336296e-01  1.59597013e-06  1.48809524e+00 
 1.61460630e-06  6.61336296e-01  1.61460630e-06  1.48809524e+00 
 1.63936819e-06  6.61336296e-01  1.63936819e-06  1.48809524e+00 
 1.66400632e-06  6.61336296e-01  1.66400632e-06  1.48809524e+00 
 1.70718936e-06  6.61336296e-01  1.70718936e-06  1.48809524e+00 
 1.74684310e-06  6.61336296e-01  1.74684310e-06  1.48809524e+00 
 1.77647829e-06  6.61336296e-01  1.77647829e-06  1.48809524e+00 
 1.80904665e-06  6.61336296e-01  1.80904665e-06  1.48809524e+00 
 1.85375762e-06  6.61336296e-01  1.85375762e-06  1.48809524e+00 
 1.89619718e-06  6.61336296e-01  1.89619718e-06  1.48809524e+00 
 1.95891166e-06  6.61336296e-01  1.95891166e-06  1.48809524e+00 
 2.03310219e-06  6.61336296e-01  2.03310219e-06  1.48809524e+00 
 2.11903469e-06  6.61336296e-01  2.11903469e-06  1.48809524e+00 
 2.24670799e-06  6.61336296e-01  2.24670799e-06  1.48809524e+00 
 2.46669717e-06  6.61336296e-01  2.46669717e-06  1.48809524e+00 
 2.70284219e-06  6.61336296e-01  2.70284219e-06  1.48809524e+00 
 3.15813157e-06  6.61336296e-01  3.15813157e-06  1.48809524e+00 
 4.06871032e-06  6.61336296e-01  4.06871032e-06  1.48809524e+00 
 5.06871032e-06  6.61336296e-01  5.06871032e-06  1.48809524e+00 
 6.06871032e-06  6.61336296e-01  6.06871032e-06  1.48809524e+00 
 7.06871032e-06  6.61336296e-01  7.06871032e-06  1.48809524e+00 
 8.06871032e-06  6.61336296e-01  8.06871032e-06  1.48809524e+00 
 9.06871032e-06  6.61336296e-01  9.06871032e-06  1.48809524e+00 
 1.00687103e-05  6.61336296e-01  1.00687103e-05  1.48809524e+00 
 1.10687103e-05  6.61336296e-01  1.10687103e-05  1.48809524e+00 
 1.20687103e-05  6.61336296e-01  1.20687103e-05  1.48809524e+00 
 1.30687103e-05  6.61336296e-01  1.30687103e-05  1.48809524e+00 
 1.40687103e-05  6.61336296e-01  1.40687103e-05  1.48809524e+00 
 1.50687103e-05  6.61336296e-01  1.50687103e-05  1.48809524e+00 
 1.60687103e-05  6.61336296e-01  1.60687103e-05  1.48809524e+00 
 1.70687103e-05  6.61336296e-01  1.70687103e-05  1.48809524e+00 
 1.80687103e-05  6.61336296e-01  1.80687103e-05  1.48809524e+00 
 1.90687103e-05  6.61336296e-01  1.90687103e-05  1.48809524e+00 
 2.00687103e-05  6.61336296e-01  2.00687103e-05  1.48809524e+00 
 2.10687103e-05  6.61336296e-01  2.10687103e-05  1.48809524e+00 
 2.20687103e-05  6.61336296e-01  2.20687103e-05  1.48809524e+00 
 2.30687103e-05  6.61336296e-01  2.30687103e-05  1.48809524e+00 
 2.40687103e-05  6.61336296e-01  2.40687103e-05  1.48809524e+00 
 2.50687103e-05  6.61336296e-01  2.50687103e-05  1.48809524e+00 
 2.60687103e-05  6.61336296e-01  2.60687103e-05  1.48809524e+00 
 2.70687103e-05  6.61336296e-01  2.70687103e-05  1.48809524e+00 
 2.80687103e-05  6.61336296e-01  2.80687103e-05  1.48809524e+00 
 2.90687103e-05  6.61336296e-01  2.90687103e-05  1.48809524e+00 
 3.00687103e-05  6.61336296e-01  3.00687103e-05  1.48809524e+00 
 3.10687103e-05  6.61336296e-01  3.10687103e-05  1.48809524e+00 
 3.20687103e-05  6.61336296e-01  3.20687103e-05  1.48809524e+00 
 3.30687103e-05  6.61336296e-01  3.30687103e-05  1.48809524e+00 
 3.40687103e-05  6.61336296e-01  3.40687103e-05  1.48809524e+00 
 3.50687103e-05  6.61336296e-01  3.50687103e-05  1.48809524e+00 
 3.60687103e-05  6.61336296e-01  3.60687103e-05  1.48809524e+00 
 3.70687103e-05  6.61336296e-01  3.70687103e-05  1.48809524e+00 
 3.80687103e-05  6.61336296e-01  3.80687103e-05  1.48809524e+00 
 3.90687103e-05  6.61336296e-01  3.90687103e-05  1.48809524e+00 
 4.00687103e-05  6.61336296e-01  4.00687103e-05  1.48809524e+00 
 4.10687103e-05  6.61336296e-01  4.10687103e-05  1.48809524e+00 
 4.20687103e-05  6.61336296e-01  4.20687103e-05  1.48809524e+00 
 4.30687103e-05  6.61336296e-01  4.30687103e-05  1.48809524e+00 
 4.40687103e-05  6.61336296e-01  4.40687103e-05  1.48809524e+00 
 4.50687103e-05  6.61336296e-01  4.50687103e-05  1.48809524e+00 
 4.60687103e-05  6.61336296e-01  4.60687103e-05  1.48809524e+00 
 4.70687103e-05  6.61336296e-01  4.70687103e-05  1.48809524e+00 
 4.80687103e-05  6.61336296e-01  4.80687103e-05  1.48809524e+00 
 4.90687103e-05  6.61336296e-01  4.90687103e-05  1.48809524e+00 
 5.00687103e-05  6.61336296e-01  5.00687103e-05  1.48809524e+00 
 5.10687103e-05  6.61336296e-01  5.10687103e-05  1.48809524e+00 
 5.20687103e-05  6.61336296e-01  5.20687103e-05  1.48809524e+00 
 5.30687103e-05  6.61336296e-01  5.30687103e-05  1.48809524e+00 
 5.40687103e-05  6.61336296e-01  5.40687103e-05  1.48809524e+00 
 5.50687103e-05  6.61336296e-01  5.50687103e-05  1.48809524e+00 
 5.60687103e-05  6.61336296e-01  5.60687103e-05  1.48809524e+00 
 5.70687103e-05  6.61336296e-01  5.70687103e-05  1.48809524e+00 
 5.80687103e-05  6.61336296e-01  5.80687103e-05  1.48809524e+00 
 5.90687103e-05  6.61336296e-01  5.90687103e-05  1.48809524e+00 
 6.00687103e-05  6.61336296e-01  6.00687103e-05  1.48809524e+00 
 6.10687103e-05  6.61336296e-01  6.10687103e-05  1.48809524e+00 
 6.20687103e-05  6.61336296e-01  6.20687103e-05  1.48809524e+00 
 6.30687103e-05  6.61336296e-01  6.30687103e-05  1.48809524e+00 
 6.40687103e-05  6.61336296e-01  6.40687103e-05  1.48809524e+00 
 6.50687103e-05  6.61336296e-01  6.50687103e-05  1.48809524e+00 
 6.60687103e-05  6.61336296e-01  6.60687103e-05  1.48809524e+00 
 6.70687103e-05  6.61336296e-01  6.70687103e-05  1.48809524e+00 
 6.80687103e-05  6.61336296e-01  6.80687103e-05  1.48809524e+00 
 6.90687103e-05  6.61336296e-01  6.90687103e-05  1.48809524e+00 
 7.00687103e-05  6.61336296e-01  7.00687103e-05  1.48809524e+00 
 7.10687103e-05  6.61336296e-01  7.10687103e-05  1.48809524e+00 
 7.20687103e-05  6.61336296e-01  7.20687103e-05  1.48809524e+00 
 7.30687103e-05  6.61336296e-01  7.30687103e-05  1.48809524e+00 
 7.40687103e-05  6.61336296e-01  7.40687103e-05  1.48809524e+00 
 7.50687103e-05  6.61336296e-01  7.50687103e-05  1.48809524e+00 
 7.60687103e-05  6.61336296e-01  7.60687103e-05  1.48809524e+00 
 7.70687103e-05  6.61336296e-01  7.70687103e-05  1.48809524e+00 
 7.80687103e-05  6.61336296e-01  7.80687103e-05  1.48809524e+00 
 7.90687103e-05  6.61336296e-01  7.90687103e-05  1.48809524e+00 
 8.00687103e-05  6.61336296e-01  8.00687103e-05  1.48809524e+00 
 8.10687103e-05  6.61336296e-01  8.10687103e-05  1.48809524e+00 
 8.20687103e-05  6.61336296e-01  8.20687103e-05  1.48809524e+00 
 8.30687103e-05  6.61336296e-01  8.30687103e-05  1.48809524e+00 
 8.40687103e-05  6.61336296e-01  8.40687103e-05  1.48809524e+00 
 8.50687103e-05  6.61336296e-01  8.50687103e-05  1.48809524e+00 
 8.60687103e-05  6.61336296e-01  8.60687103e-05  1.48809524e+00 
 8.70687103e-05  6.61336296e-01  8.70687103e-05  1.48809524e+00 
 8.80687103e-05  6.61336296e-01  8.80687103e-05  1.48809524e+00 
 8.90687103e-05  6.61336296e-01  8.90687103e-05  1.48809524e+00 
 9.00687103e-05  6.61336296e-01  9.00687103e-05  1.48809524e+00 
 9.10687103e-05  6.61336296e-01  9.10687103e-05  1.48809524e+00 
 9.20687103e-05  6.61336296e-01  9.20687103e-05  1.48809524e+00 
 9.30687103e-05  6.61336296e-01  9.30687103e-05  1.48809524e+00 
 9.40687103e-05  6.61336296e-01  9.40687103e-05  1.48809524e+00 
 9.50687103e-05  6.61336296e-01  9.50687103e-05  1.48809524e+00 
 9.60687103e-05  6.61336296e-01  9.60687103e-05  1.48809524e+00 
 9.70687103e-05  6.61336296e-01  9.70687103e-05  1.48809524e+00 
 9.80687103e-05  6.61336296e-01  9.80687103e-05  1.48809524e+00 
 9.90687103e-05  6.61336296e-01  9.90687103e-05  1.48809524e+00 
 1.00068710e-04  6.61336296e-01  1.00068710e-04  1.48809524e+00 
 1.01068710e-04  6.61336296e-01  1.01068710e-04  1.48809524e+00 
 1.02068710e-04  6.61336296e-01  1.02068710e-04  1.48809524e+00 
 1.03068710e-04  6.61336296e-01  1.03068710e-04  1.48809524e+00 
 1.04068710e-04  6.61336296e-01  1.04068710e-04  1.48809524e+00 
 1.05068710e-04  6.61336296e-01  1.05068710e-04  1.48809524e+00 
 1.06068710e-04  6.61336296e-01  1.06068710e-04  1.48809524e+00 
 1.07068710e-04  6.61336296e-01  1.07068710e-04  1.48809524e+00 
 1.08068710e-04  6.61336296e-01  1.08068710e-04  1.48809524e+00 
 1.09068710e-04  6.61336296e-01  1.09068710e-04  1.48809524e+00 
 1.10068710e-04  6.61336296e-01  1.10068710e-04  1.48809524e+00 
 1.11068710e-04  6.61336296e-01  1.11068710e-04  1.48809524e+00 
 1.12068710e-04  6.61336296e-01  1.12068710e-04  1.48809524e+00 
 1.13068710e-04  6.61336296e-01  1.13068710e-04  1.48809524e+00 
 1.14068710e-04  6.61336296e-01  1.14068710e-04  1.48809524e+00 
 1.15068710e-04  6.61336296e-01  1.15068710e-04  1.48809524e+00 
 1.16068710e-04  6.61336296e-01  1.16068710e-04  1.48809524e+00 
 1.17068710e-04  6.61336296e-01  1.17068710e-04  1.48809524e+00 
 1.18068710e-04  6.61336296e-01  1.18068710e-04  1.48809524e+00 
 1.19068710e-04  6.61336296e-01  1.19068710e-04  1.48809524e+00 
 1.20068710e-04  6.61336296e-01  1.20068710e-04  1.48809524e+00 
 1.21068710e-04  6.61336296e-01  1.21068710e-04  1.48809524e+00 
 1.22068710e-04  6.61336296e-01  1.22068710e-04  1.48809524e+00 
 1.23068710e-04  6.61336296e-01  1.23068710e-04  1.48809524e+00 
 1.24068710e-04  6.61336296e-01  1.24068710e-04  1.48809524e+00 
 1.25068710e-04  6.61336296e-01  1.25068710e-04  1.48809524e+00 
 1.26068710e-04  6.61336296e-01  1.26068710e-04  1.48809524e+00 
 1.27068710e-04  6.61336296e-01  1.27068710e-04  1.48809524e+00 
 1.28068710e-04  6.61336296e-01  1.28068710e-04  1.48809524e+00 
 1.29068710e-04  6.61336296e-01  1.29068710e-04  1.48809524e+00 
 1.30068710e-04  6.61336296e-01  1.30068710e-04  1.48809524e+00 
 1.31068710e-04  6.61336296e-01  1.31068710e-04  1.48809524e+00 
 1.32068710e-04  6.61336296e-01  1.32068710e-04  1.48809524e+00 
 1.33068710e-04  6.61336296e-01  1.33068710e-04  1.48809524e+00 
 1.34068710e-04  6.61336296e-01  1.34068710e-04  1.48809524e+00 
 1.35068710e-04  6.61336296e-01  1.35068710e-04  1.48809524e+00 
 1.36068710e-04  6.61336296e-01  1.36068710e-04  1.48809524e+00 
 1.37068710e-04  6.61336296e-01  1.37068710e-04  1.48809524e+00 
 1.38068710e-04  6.61336296e-01  1.38068710e-04  1.48809524e+00 
 1.39068710e-04  6.61336296e-01  1.39068710e-04  1.48809524e+00 
 1.40068710e-04  6.61336296e-01  1.40068710e-04  1.48809524e+00 
 1.41068710e-04  6.61336296e-01  1.41068710e-04  1.48809524e+00 
 1.42068710e-04  6.61336296e-01  1.42068710e-04  1.48809524e+00 
 1.43068710e-04  6.61336296e-01  1.43068710e-04  1.48809524e+00 
 1.44068710e-04  6.61336296e-01  1.44068710e-04  1.48809524e+00 
 1.45068710e-04  6.61336296e-01  1.45068710e-04  1.48809524e+00 
 1.46068710e-04  6.61336296e-01  1.46068710e-04  1.48809524e+00 
 1.47068710e-04  6.61336296e-01  1.47068710e-04  1.48809524e+00 
 1.48068710e-04  6.61336296e-01  1.48068710e-04  1.48809524e+00 
 1.49068710e-04  6.61336296e-01  1.49068710e-04  1.48809524e+00 
 1.50068710e-04  6.61336296e-01  1.50068710e-04  1.48809524e+00 
 1.51068710e-04  6.61336296e-01  1.51068710e-04  1.48809524e+00 
 1.52068710e-04  6.61336296e-01  1.52068710e-04  1.48809524e+00 
 1.53068710e-04  6.61336296e-01  1.53068710e-04  1.48809524e+00 
 1.54068710e-04  6.61336296e-01  1.54068710e-04  1.48809524e+00 
 1.55068710e-04  6.61336296e-01  1.55068710e-04  1.48809524e+00 
 1.56068710e-04  6.61336296e-01  1.56068710e-04  1.48809524e+00 
 1.57068710e-04  6.61336296e-01  1.57068710e-04  1.48809524e+00 
 1.58068710e-04  6.61336296e-01  1.58068710e-04  1.48809524e+00 
 1.59068710e-04  6.61336296e-01  1.59068710e-04  1.48809524e+00 
 1.60068710e-04  6.61336296e-01  1.60068710e-04  1.48809524e+00 
 1.61068710e-04  6.61336296e-01  1.61068710e-04  1.48809524e+00 
 1.62068710e-04  6.61336296e-01  1.62068710e-04  1.48809524e+00 
 1.63068710e-04  6.61336296e-01  1.63068710e-04  1.48809524e+00 
 1.64068710e-04  6.61336296e-01  1.64068710e-04  1.48809524e+00 
 1.65068710e-04  6.61336296e-01  1.65068710e-04  1.48809524e+00 
 1.66068710e-04  6.61336296e-01  1.66068710e-04  1.48809524e+00 
 1.67068710e-04  6.61336296e-01  1.67068710e-04  1.48809524e+00 
 1.68068710e-04  6.61336296e-01  1.68068710e-04  1.48809524e+00 
 1.69068710e-04  6.61336296e-01  1.69068710e-04  1.48809524e+00 
 1.70068710e-04  6.61336296e-01  1.70068710e-04  1.48809524e+00 
 1.71068710e-04  6.61336296e-01  1.71068710e-04  1.48809524e+00 
 1.72068710e-04  6.61336296e-01  1.72068710e-04  1.48809524e+00 
 1.73068710e-04  6.61336296e-01  1.73068710e-04  1.48809524e+00 
 1.74068710e-04  6.61336296e-01  1.74068710e-04  1.48809524e+00 
 1.75068710e-04  6.61336296e-01  1.75068710e-04  1.48809524e+00 
 1.76068710e-04  6.61336296e-01  1.76068710e-04  1.48809524e+00 
 1.77068710e-04  6.61336296e-01  1.77068710e-04  1.48809524e+00 
 1.78068710e-04  6.61336296e-01  1.78068710e-04  1.48809524e+00 
 1.79068710e-04  6.61336296e-01  1.79068710e-04  1.48809524e+00 
 1.80068710e-04  6.61336296e-01  1.80068710e-04  1.48809524e+00 
 1.81068710e-04  6.61336296e-01  1.81068710e-04  1.48809524e+00 
 1.82068710e-04  6.61336296e-01  1.82068710e-04  1.48809524e+00 
 1.83068710e-04  6.61336296e-01  1.83068710e-04  1.48809524e+00 
 1.84068710e-04  6.61336296e-01  1.84068710e-04  1.48809524e+00 
 1.85068710e-04  6.61336296e-01  1.85068710e-04  1.48809524e+00 
 1.86068710e-04  6.61336296e-01  1.86068710e-04  1.48809524e+00 
 1.87068710e-04  6.61336296e-01  1.87068710e-04  1.48809524e+00 
 1.88068710e-04  6.61336296e-01  1.88068710e-04  1.48809524e+00 
 1.89068710e-04  6.61336296e-01  1.89068710e-04  1.48809524e+00 
 1.90068710e-04  6.61336296e-01  1.90068710e-04  1.48809524e+00 
 1.91068710e-04  6.61336296e-01  1.91068710e-04  1.48809524e+00 
 1.92068710e-04  6.61336296e-01  1.92068710e-04  1.48809524e+00 
 1.93068710e-04  6.61336296e-01  1.93068710e-04  1.48809524e+00 
 1.94068710e-04  6.61336296e-01  1.94068710e-04  1.48809524e+00 
 1.95068710e-04  6.61336296e-01  1.95068710e-04  1.48809524e+00 
 1.96068710e-04  6.61336296e-01  1.96068710e-04  1.48809524e+00 
 1.97068710e-04  6.61336296e-01  1.97068710e-04  1.48809524e+00 
 1.98068710e-04  6.61336296e-01  1.98068710e-04  1.48809524e+00 
 1.99068710e-04  6.61336296e-01  1.99068710e-04  1.48809524e+00 
 2.00068710e-04  6.61336296e-01  2.00068710e-04  1.48809524e+00 
 2.01000001e-04  6.61336296e-01  2.01000001e-04  1.48809524e+00 
 2.01000001e-04  6.61336296e-01  2.01000001e-04  1.48809524e+00 
 2.01000001e-04  6.61336296e-01  2.01000001e-04  1.48809524e+00 
 2.01000002e-04  6.61336296e-01  2.01000002e-04  1.48809524e+00 
 2.01000002e-04  6.61336296e-01  2.01000002e-04  1.48809524e+00 
 2.01000002e-04  6.61336296e-01  2.01000002e-04  1.48809524e+00 
 2.01000002e-04  6.61336296e-01  2.01000002e-04  1.48809524e+00 
 2.01000003e-04  6.61336296e-01  2.01000003e-04  1.48809524e+00 
 2.01000003e-04  6.61336296e-01  2.01000003e-04  1.48809524e+00 
 2.01000004e-04  6.61336296e-01  2.01000004e-04  1.48809524e+00 
 2.01000007e-04  6.61336296e-01  2.01000007e-04  1.48809524e+00 
 2.01000012e-04  6.61336296e-01  2.01000012e-04  1.48809524e+00 
 2.01000022e-04  6.61336296e-01  2.01000022e-04  1.48809524e+00 
 2.01000043e-04  6.61336296e-01  2.01000043e-04  1.48809524e+00 
 2.01000084e-04  6.61336296e-01  2.01000084e-04  1.48809524e+00 
 2.01000166e-04  6.61336296e-01  2.01000166e-04  1.48809524e+00 
 2.01000330e-04  6.61336296e-01  2.01000330e-04  1.48809524e+00 
 2.01000657e-04  6.61336296e-01  2.01000657e-04  1.48809524e+00 
 2.01001313e-04  6.61336296e-01  2.01001313e-04  1.48809524e+00 
 2.01002448e-04  6.61336296e-01  2.01002448e-04  1.48809524e+00 
 2.01004719e-04  6.61336296e-01  2.01004719e-04  1.48809524e+00 
 2.01009261e-04  6.61336296e-01  2.01009261e-04  1.48809524e+00 
 2.01018346e-04  6.61336296e-01  2.01018346e-04  1.48809524e+00 
 2.01029857e-04  6.61336296e-01  2.01029857e-04  1.48809524e+00 
 2.01047926e-04  6.61336296e-01  2.01047926e-04  1.48809524e+00 
 2.01069832e-04  6.61336296e-01  2.01069832e-04  1.48809524e+00 
 2.01097083e-04  6.61336296e-01  2.01097083e-04  1.48809524e+00 
 2.01114974e-04  6.61336296e-01  2.01114974e-04  1.48809524e+00 
 2.01132063e-04  6.61336296e-01  2.01132063e-04  1.48809524e+00 
 2.01150201e-04  6.61336296e-01  2.01150201e-04  1.48809524e+00 
 2.01170126e-04  6.61336296e-01  2.01170126e-04  1.48809524e+00 
 2.01195084e-04  6.61336296e-01  2.01195084e-04  1.48809524e+00 
 2.01223530e-04  6.61336296e-01  2.01223530e-04  1.48809524e+00 
 2.01252582e-04  6.61336296e-01  2.01252582e-04  1.48809524e+00 
 2.01272599e-04  6.61336296e-01  2.01272599e-04  1.48809524e+00 
 2.01294553e-04  6.61336296e-01  2.01294553e-04  1.48809524e+00 
 2.01323914e-04  6.61336296e-01  2.01323914e-04  1.48809524e+00 
 2.01353041e-04  6.61336296e-01  2.01353041e-04  1.48809524e+00 
 2.01389406e-04  6.61336296e-01  2.01389406e-04  1.48809524e+00 
 2.01438291e-04  6.61336296e-01  2.01438291e-04  1.48809524e+00 
 2.01486292e-04  6.61336296e-01  2.01486292e-04  1.48809524e+00 
 2.01530594e-04  6.61336296e-01  2.01530594e-04  1.48809524e+00 
 2.01603396e-04  6.61336296e-01  2.01603396e-04  1.48809524e+00 
 2.01671162e-04  6.61336296e-01  2.01671162e-04  1.48809524e+00 
 2.01806696e-04  6.61336296e-01  2.01806696e-04  1.48809524e+00 
 2.01933084e-04  6.61336296e-01  2.01933084e-04  1.48809524e+00 
 2.02113186e-04  6.61336296e-01  2.02113186e-04  1.48809524e+00 
 2.02473391e-04  6.61336296e-01  2.02473391e-04  1.48809524e+00 
 2.03096263e-04  6.61336296e-01  2.03096263e-04  1.48809524e+00 
 2.04096263e-04  6.61336296e-01  2.04096263e-04  1.48809524e+00 
 2.05096263e-04  6.61336296e-01  2.05096263e-04  1.48809524e+00 
 2.06096263e-04  6.61336296e-01  2.06096263e-04  1.48809524e+00 
 2.07096263e-04  6.61336296e-01  2.07096263e-04  1.48809524e+00 
 2.08096263e-04  6.61336296e-01  2.08096263e-04  1.48809524e+00 
 2.09096263e-04  6.61336296e-01  2.09096263e-04  1.48809524e+00 
 2.10096263e-04  6.61336296e-01  2.10096263e-04  1.48809524e+00 
 2.11096263e-04  6.61336296e-01  2.11096263e-04  1.48809524e+00 
 2.12096263e-04  6.61336296e-01  2.12096263e-04  1.48809524e+00 
 2.13096263e-04  6.61336296e-01  2.13096263e-04  1.48809524e+00 
 2.14096263e-04  6.61336296e-01  2.14096263e-04  1.48809524e+00 
 2.15096263e-04  6.61336296e-01  2.15096263e-04  1.48809524e+00 
 2.16096263e-04  6.61336296e-01  2.16096263e-04  1.48809524e+00 
 2.17096263e-04  6.61336296e-01  2.17096263e-04  1.48809524e+00 
 2.18096263e-04  6.61336296e-01  2.18096263e-04  1.48809524e+00 
 2.19096263e-04  6.61336296e-01  2.19096263e-04  1.48809524e+00 
 2.20096263e-04  6.61336296e-01  2.20096263e-04  1.48809524e+00 
 2.21096263e-04  6.61336296e-01  2.21096263e-04  1.48809524e+00 
 2.22096263e-04  6.61336296e-01  2.22096263e-04  1.48809524e+00 
 2.23096263e-04  6.61336296e-01  2.23096263e-04  1.48809524e+00 
 2.24096263e-04  6.61336296e-01  2.24096263e-04  1.48809524e+00 
 2.25096263e-04  6.61336296e-01  2.25096263e-04  1.48809524e+00 
 2.26096263e-04  6.61336296e-01  2.26096263e-04  1.48809524e+00 
 2.27096263e-04  6.61336296e-01  2.27096263e-04  1.48809524e+00 
 2.28096263e-04  6.61336296e-01  2.28096263e-04  1.48809524e+00 
 2.29096263e-04  6.61336296e-01  2.29096263e-04  1.48809524e+00 
 2.30096263e-04  6.61336296e-01  2.30096263e-04  1.48809524e+00 
 2.31096263e-04  6.61336296e-01  2.31096263e-04  1.48809524e+00 
 2.32096263e-04  6.61336296e-01  2.32096263e-04  1.48809524e+00 
 2.33096263e-04  6.61336296e-01  2.33096263e-04  1.48809524e+00 
 2.34096263e-04  6.61336296e-01  2.34096263e-04  1.48809524e+00 
 2.35096263e-04  6.61336296e-01  2.35096263e-04  1.48809524e+00 
 2.36096263e-04  6.61336296e-01  2.36096263e-04  1.48809524e+00 
 2.37096263e-04  6.61336296e-01  2.37096263e-04  1.48809524e+00 
 2.38096263e-04  6.61336296e-01  2.38096263e-04  1.48809524e+00 
 2.39096263e-04  6.61336296e-01  2.39096263e-04  1.48809524e+00 
 2.40096263e-04  6.61336296e-01  2.40096263e-04  1.48809524e+00 
 2.41096263e-04  6.61336296e-01  2.41096263e-04  1.48809524e+00 
 2.42096263e-04  6.61336296e-01  2.42096263e-04  1.48809524e+00 
 2.43096263e-04  6.61336296e-01  2.43096263e-04  1.48809524e+00 
 2.44096263e-04  6.61336296e-01  2.44096263e-04  1.48809524e+00 
 2.45096263e-04  6.61336296e-01  2.45096263e-04  1.48809524e+00 
 2.46096263e-04  6.61336296e-01  2.46096263e-04  1.48809524e+00 
 2.47096263e-04  6.61336296e-01  2.47096263e-04  1.48809524e+00 
 2.48096263e-04  6.61336296e-01  2.48096263e-04  1.48809524e+00 
 2.49096263e-04  6.61336296e-01  2.49096263e-04  1.48809524e+00 
 2.50096263e-04  6.61336296e-01  2.50096263e-04  1.48809524e+00 
 2.51096263e-04  6.61336296e-01  2.51096263e-04  1.48809524e+00 
 2.52096263e-04  6.61336296e-01  2.52096263e-04  1.48809524e+00 
 2.53096263e-04  6.61336296e-01  2.53096263e-04  1.48809524e+00 
 2.54096263e-04  6.61336296e-01  2.54096263e-04  1.48809524e+00 
 2.55096263e-04  6.61336296e-01  2.55096263e-04  1.48809524e+00 
 2.56096263e-04  6.61336296e-01  2.56096263e-04  1.48809524e+00 
 2.57096263e-04  6.61336296e-01  2.57096263e-04  1.48809524e+00 
 2.58096263e-04  6.61336296e-01  2.58096263e-04  1.48809524e+00 
 2.59096263e-04  6.61336296e-01  2.59096263e-04  1.48809524e+00 
 2.60096263e-04  6.61336296e-01  2.60096263e-04  1.48809524e+00 
 2.61096263e-04  6.61336296e-01  2.61096263e-04  1.48809524e+00 
 2.62096263e-04  6.61336296e-01  2.62096263e-04  1.48809524e+00 
 2.63096263e-04  6.61336296e-01  2.63096263e-04  1.48809524e+00 
 2.64096263e-04  6.61336296e-01  2.64096263e-04  1.48809524e+00 
 2.65096263e-04  6.61336296e-01  2.65096263e-04  1.48809524e+00 
 2.66096263e-04  6.61336296e-01  2.66096263e-04  1.48809524e+00 
 2.67096263e-04  6.61336296e-01  2.67096263e-04  1.48809524e+00 
 2.68096263e-04  6.61336296e-01  2.68096263e-04  1.48809524e+00 
 2.69096263e-04  6.61336296e-01  2.69096263e-04  1.48809524e+00 
 2.70096263e-04  6.61336296e-01  2.70096263e-04  1.48809524e+00 
 2.71096263e-04  6.61336296e-01  2.71096263e-04  1.48809524e+00 
 2.72096263e-04  6.61336296e-01  2.72096263e-04  1.48809524e+00 
 2.73096263e-04  6.61336296e-01  2.73096263e-04  1.48809524e+00 
 2.74096263e-04  6.61336296e-01  2.74096263e-04  1.48809524e+00 
 2.75096263e-04  6.61336296e-01  2.75096263e-04  1.48809524e+00 
 2.76096263e-04  6.61336296e-01  2.76096263e-04  1.48809524e+00 
 2.77096263e-04  6.61336296e-01  2.77096263e-04  1.48809524e+00 
 2.78096263e-04  6.61336296e-01  2.78096263e-04  1.48809524e+00 
 2.79096263e-04  6.61336296e-01  2.79096263e-04  1.48809524e+00 
 2.80096263e-04  6.61336296e-01  2.80096263e-04  1.48809524e+00 
 2.81096263e-04  6.61336296e-01  2.81096263e-04  1.48809524e+00 
 2.82096263e-04  6.61336296e-01  2.82096263e-04  1.48809524e+00 
 2.83096263e-04  6.61336296e-01  2.83096263e-04  1.48809524e+00 
 2.84096263e-04  6.61336296e-01  2.84096263e-04  1.48809524e+00 
 2.85096263e-04  6.61336296e-01  2.85096263e-04  1.48809524e+00 
 2.86096263e-04  6.61336296e-01  2.86096263e-04  1.48809524e+00 
 2.87096263e-04  6.61336296e-01  2.87096263e-04  1.48809524e+00 
 2.88096263e-04  6.61336296e-01  2.88096263e-04  1.48809524e+00 
 2.89096263e-04  6.61336296e-01  2.89096263e-04  1.48809524e+00 
 2.90096263e-04  6.61336296e-01  2.90096263e-04  1.48809524e+00 
 2.91096263e-04  6.61336296e-01  2.91096263e-04  1.48809524e+00 
 2.92096263e-04  6.61336296e-01  2.92096263e-04  1.48809524e+00 
 2.93096263e-04  6.61336296e-01  2.93096263e-04  1.48809524e+00 
 2.94096263e-04  6.61336296e-01  2.94096263e-04  1.48809524e+00 
 2.95096263e-04  6.61336296e-01  2.95096263e-04  1.48809524e+00 
 2.96096263e-04  6.61336296e-01  2.96096263e-04  1.48809524e+00 
 2.97096263e-04  6.61336296e-01  2.97096263e-04  1.48809524e+00 
 2.98096263e-04  6.61336296e-01  2.98096263e-04  1.48809524e+00 
 2.99096263e-04  6.61336296e-01  2.99096263e-04  1.48809524e+00 
 3.00096263e-04  6.61336296e-01  3.00096263e-04  1.48809524e+00 
 3.01096263e-04  6.61336296e-01  3.01096263e-04  1.48809524e+00 
 3.02096263e-04  6.61336296e-01  3.02096263e-04  1.48809524e+00 
 3.03096263e-04  6.61336296e-01  3.03096263e-04  1.48809524e+00 
 3.04096263e-04  6.61336296e-01  3.04096263e-04  1.48809524e+00 
 3.05096263e-04  6.61336296e-01  3.05096263e-04  1.48809524e+00 
 3.06096263e-04  6.61336296e-01  3.06096263e-04  1.48809524e+00 
 3.07096263e-04  6.61336296e-01  3.07096263e-04  1.48809524e+00 
 3.08096263e-04  6.61336296e-01  3.08096263e-04  1.48809524e+00 
 3.09096263e-04  6.61336296e-01  3.09096263e-04  1.48809524e+00 
 3.10096263e-04  6.61336296e-01  3.10096263e-04  1.48809524e+00 
 3.11096263e-04  6.61336296e-01  3.11096263e-04  1.48809524e+00 
 3.12096263e-04  6.61336296e-01  3.12096263e-04  1.48809524e+00 
 3.13096263e-04  6.61336296e-01  3.13096263e-04  1.48809524e+00 
 3.14096263e-04  6.61336296e-01  3.14096263e-04  1.48809524e+00 
 3.15096263e-04  6.61336296e-01  3.15096263e-04  1.48809524e+00 
 3.16096263e-04  6.61336296e-01  3.16096263e-04  1.48809524e+00 
 3.17096263e-04  6.61336296e-01  3.17096263e-04  1.48809524e+00 
 3.18096263e-04  6.61336296e-01  3.18096263e-04  1.48809524e+00 
 3.19096263e-04  6.61336296e-01  3.19096263e-04  1.48809524e+00 
 3.20096263e-04  6.61336296e-01  3.20096263e-04  1.48809524e+00 
 3.21096263e-04  6.61336296e-01  3.21096263e-04  1.48809524e+00 
 3.22096263e-04  6.61336296e-01  3.22096263e-04  1.48809524e+00 
 3.23096263e-04  6.61336296e-01  3.23096263e-04  1.48809524e+00 
 3.24096263e-04  6.61336296e-01  3.24096263e-04  1.48809524e+00 
 3.25096263e-04  6.61336296e-01  3.25096263e-04  1.48809524e+00 
 3.26096263e-04  6.61336296e-01  3.26096263e-04  1.48809524e+00 
 3.27096263e-04  6.61336296e-01  3.27096263e-04  1.48809524e+00 
 3.28096263e-04  6.61336296e-01  3.28096263e-04  1.48809524e+00 
 3.29096263e-04  6.61336296e-01  3.29096263e-04  1.48809524e+00 
 3.30096263e-04  6.61336296e-01  3.30096263e-04  1.48809524e+00 
 3.31096263e-04  6.61336296e-01  3.31096263e-04  1.48809524e+00 
 3.32096263e-04  6.61336296e-01  3.32096263e-04  1.48809524e+00 
 3.33096263e-04  6.61336296e-01  3.33096263e-04  1.48809524e+00 
 3.34096263e-04  6.61336296e-01  3.34096263e-04  1.48809524e+00 
 3.35096263e-04  6.61336296e-01  3.35096263e-04  1.48809524e+00 
 3.36096263e-04  6.61336296e-01  3.36096263e-04  1.48809524e+00 
 3.37096263e-04  6.61336296e-01  3.37096263e-04  1.48809524e+00 
 3.38096263e-04  6.61336296e-01  3.38096263e-04  1.48809524e+00 
 3.39096263e-04  6.61336296e-01  3.39096263e-04  1.48809524e+00 
 3.40096263e-04  6.61336296e-01  3.40096263e-04  1.48809524e+00 
 3.41096263e-04  6.61336296e-01  3.41096263e-04  1.48809524e+00 
 3.42096263e-04  6.61336296e-01  3.42096263e-04  1.48809524e+00 
 3.43096263e-04  6.61336296e-01  3.43096263e-04  1.48809524e+00 
 3.44096263e-04  6.61336296e-01  3.44096263e-04  1.48809524e+00 
 3.45096263e-04  6.61336296e-01  3.45096263e-04  1.48809524e+00 
 3.46096263e-04  6.61336296e-01  3.46096263e-04  1.48809524e+00 
 3.47096263e-04  6.61336296e-01  3.47096263e-04  1.48809524e+00 
 3.48096263e-04  6.61336296e-01  3.48096263e-04  1.48809524e+00 
 3.49096263e-04  6.61336296e-01  3.49096263e-04  1.48809524e+00 
 3.50096263e-04  6.61336296e-01  3.50096263e-04  1.48809524e+00 
 3.51096263e-04  6.61336296e-01  3.51096263e-04  1.48809524e+00 
 3.52096263e-04  6.61336296e-01  3.52096263e-04  1.48809524e+00 
 3.53096263e-04  6.61336296e-01  3.53096263e-04  1.48809524e+00 
 3.54096263e-04  6.61336296e-01  3.54096263e-04  1.48809524e+00 
 3.55096263e-04  6.61336296e-01  3.55096263e-04  1.48809524e+00 
 3.56096263e-04  6.61336296e-01  3.56096263e-04  1.48809524e+00 
 3.57096263e-04  6.61336296e-01  3.57096263e-04  1.48809524e+00 
 3.58096263e-04  6.61336296e-01  3.58096263e-04  1.48809524e+00 
 3.59096263e-04  6.61336296e-01  3.59096263e-04  1.48809524e+00 
 3.60096263e-04  6.61336296e-01  3.60096263e-04  1.48809524e+00 
 3.61096263e-04  6.61336296e-01  3.61096263e-04  1.48809524e+00 
 3.62096263e-04  6.61336296e-01  3.62096263e-04  1.48809524e+00 
 3.63096263e-04  6.61336296e-01  3.63096263e-04  1.48809524e+00 
 3.64096263e-04  6.61336296e-01  3.64096263e-04  1.48809524e+00 
 3.65096263e-04  6.61336296e-01  3.65096263e-04  1.48809524e+00 
 3.66096263e-04  6.61336296e-01  3.66096263e-04  1.48809524e+00 
 3.67096263e-04  6.61336296e-01  3.67096263e-04  1.48809524e+00 
 3.68096263e-04  6.61336296e-01  3.68096263e-04  1.48809524e+00 
 3.69096263e-04  6.61336296e-01  3.69096263e-04  1.48809524e+00 
 3.70096263e-04  6.61336296e-01  3.70096263e-04  1.48809524e+00 
 3.71096263e-04  6.61336296e-01  3.71096263e-04  1.48809524e+00 
 3.72096263e-04  6.61336296e-01  3.72096263e-04  1.48809524e+00 
 3.73096263e-04  6.61336296e-01  3.73096263e-04  1.48809524e+00 
 3.74096263e-04  6.61336296e-01  3.74096263e-04  1.48809524e+00 
 3.75096263e-04  6.61336296e-01  3.75096263e-04  1.48809524e+00 
 3.76096263e-04  6.61336296e-01  3.76096263e-04  1.48809524e+00 
 3.77096263e-04  6.61336296e-01  3.77096263e-04  1.48809524e+00 
 3.78096263e-04  6.61336296e-01  3.78096263e-04  1.48809524e+00 
 3.79096263e-04  6.61336296e-01  3.79096263e-04  1.48809524e+00 
 3.80096263e-04  6.61336296e-01  3.80096263e-04  1.48809524e+00 
 3.81096263e-04  6.61336296e-01  3.81096263e-04  1.48809524e+00 
 3.82096263e-04  6.61336296e-01  3.82096263e-04  1.48809524e+00 
 3.83096263e-04  6.61336296e-01  3.83096263e-04  1.48809524e+00 
 3.84096263e-04  6.61336296e-01  3.84096263e-04  1.48809524e+00 
 3.85096263e-04  6.61336296e-01  3.85096263e-04  1.48809524e+00 
 3.86096263e-04  6.61336296e-01  3.86096263e-04  1.48809524e+00 
 3.87096263e-04  6.61336296e-01  3.87096263e-04  1.48809524e+00 
 3.88096263e-04  6.61336296e-01  3.88096263e-04  1.48809524e+00 
 3.89096263e-04  6.61336296e-01  3.89096263e-04  1.48809524e+00 
 3.90096263e-04  6.61336296e-01  3.90096263e-04  1.48809524e+00 
 3.91096263e-04  6.61336296e-01  3.91096263e-04  1.48809524e+00 
 3.92096263e-04  6.61336296e-01  3.92096263e-04  1.48809524e+00 
 3.93096263e-04  6.61336296e-01  3.93096263e-04  1.48809524e+00 
 3.94096263e-04  6.61336296e-01  3.94096263e-04  1.48809524e+00 
 3.95096263e-04  6.61336296e-01  3.95096263e-04  1.48809524e+00 
 3.96096263e-04  6.61336296e-01  3.96096263e-04  1.48809524e+00 
 3.97096263e-04  6.61336296e-01  3.97096263e-04  1.48809524e+00 
 3.98096263e-04  6.61336296e-01  3.98096263e-04  1.48809524e+00 
 3.99096263e-04  6.61336296e-01  3.99096263e-04  1.48809524e+00 
 4.00096263e-04  6.61336296e-01  4.00096263e-04  1.48809524e+00 
 4.01000000e-04  6.61336296e-01  4.01000000e-04  1.48809524e+00 
